0.0 0
1e-05 7.91502e-10
2e-05 7.91502e-10
3e-05 7.61916e-10
4e-05 7.04434e-10
5e-05 6.62802e-10
6e-05 6.35751e-10
7e-05 6.22438e-10
8e-05 5.96233e-10
9e-05 5.45514e-10
0.0001 4.85284e-10
0.00011 4.17659e-10
0.00012 3.65178e-10
0.00013 3.1622e-10
0.00014 2.6212e-10
0.00015 2.2091e-10
0.00016 1.83223e-10
0.00017 1.49058e-10
0.00018 1.07144e-10
0.00019 7.2134e-11
0.0002 4.76197e-11
0.00021 3.10655e-11
0.00022 1.19049e-11
0.00023 3.45173e-12
0.00024 7.04434e-14
0.00025 1.76108e-12
0.00026 1.38069e-11
0.00027 3.72645e-11
0.00028 1.0172e-10
0.00029 2.2091e-10
0.0003 3.1622e-10
0.00031 4.39637e-10
0.00032 5.33186e-10
0.00033 6.09265e-10
0.00034 7.04434e-10
0.00035 7.47334e-10
0.00036 8.06506e-10
0.00037 8.99491e-10
0.00038 1.01438e-09
0.00039 1.15414e-09
0.0004 1.34152e-09
0.00041 1.56391e-09
0.00042 1.6924e-09
0.00043 1.78088e-09
0.00044 1.87161e-09
0.00045 1.98819e-09
0.00046 2.20692e-09
0.00047 2.54301e-09
0.00048 2.78963e-09
0.00049 3.16601e-09
0.0005 3.47173e-09
0.00051 3.69412e-09
0.00052 3.75893e-09
0.00053 3.8243e-09
0.00054 3.8572e-09
0.00055 3.95673e-09
0.00056 4.22836e-09
0.00057 4.438e-09
0.00058 4.72541e-09
0.00059 4.90962e-09
0.0006 5.05953e-09
0.00061 5.44415e-09
0.00062 5.8835e-09
0.00063 6.3399e-09
0.00064 6.81335e-09
0.00065 7.34929e-09
0.00066 7.95278e-09
0.00067 8.4332e-09
0.00068 8.82768e-09
0.00069 9.07881e-09
0.0007 9.43631e-09
0.00071 1.00652e-08
0.00072 1.08799e-08
0.00073 1.13839e-08
0.00074 1.18415e-08
0.00075 1.23081e-08
0.00076 1.27838e-08
0.00077 1.33296e-08
0.00078 1.39495e-08
0.00079 1.43919e-08
0.0008 1.49707e-08
0.00081 1.59608e-08
0.00082 1.69135e-08
0.00083 1.79648e-08
0.00084 1.949e-08
0.00085 2.13867e-08
0.00086 2.30479e-08
0.00087 2.42726e-08
0.00088 2.5784e-08
0.00089 2.71659e-08
0.0009 2.83151e-08
0.00091 2.92154e-08
0.00092 2.99458e-08
0.00093 3.03143e-08
0.00094 3.06851e-08
0.00095 3.12456e-08
0.00096 3.19058e-08
0.00097 3.2573e-08
0.00098 3.35381e-08
0.00099 3.47148e-08
0.001 3.59118e-08
0.00101 3.72314e-08
0.00102 3.85748e-08
0.00103 4.01545e-08
0.00104 4.23101e-08
0.00105 4.40751e-08
0.00106 4.61039e-08
0.00107 4.78294e-08
0.00108 4.97048e-08
0.00109 5.12552e-08
0.0011 5.28294e-08
0.00111 5.34412e-08
0.00112 5.39332e-08
0.00113 5.49239e-08
0.00114 5.60493e-08
0.00115 5.70591e-08
0.00116 5.78225e-08
0.00117 5.88481e-08
0.00118 5.98828e-08
0.00119 6.07955e-08
0.0012 6.19792e-08
0.00121 6.31743e-08
0.00122 6.37091e-08
0.00123 6.45155e-08
0.00124 6.55986e-08
0.00125 6.72402e-08
0.00126 6.80687e-08
0.00127 6.86238e-08
0.00128 6.97407e-08
0.00129 7.08667e-08
0.0013 7.17171e-08
0.00131 7.25725e-08
0.00132 7.3721e-08
0.00133 7.51694e-08
0.00134 7.67788e-08
0.00135 7.90009e-08
0.00136 8.03494e-08
0.00137 8.11035e-08
0.00138 8.20131e-08
0.00139 8.35403e-08
0.0014 8.47722e-08
0.00141 8.58575e-08
0.00142 8.67933e-08
0.00143 8.78914e-08
0.00144 8.91549e-08
0.00145 9.05871e-08
0.00146 9.18697e-08
0.00147 9.33235e-08
0.00148 9.51157e-08
0.00149 9.74215e-08
0.0015 9.95873e-08
0.00151 1.01101e-07
0.00152 1.02116e-07
0.00153 1.01777e-07
0.00154 1.02116e-07
0.00155 1.03648e-07
0.00156 1.05192e-07
0.00157 1.06921e-07
0.00158 1.08489e-07
0.00159 1.09892e-07
0.0016 1.12369e-07
0.00161 1.14694e-07
0.00162 1.17043e-07
0.00163 1.18683e-07
0.00164 1.19233e-07
0.00165 1.19416e-07
0.00166 1.19599e-07
0.00167 1.20703e-07
0.00168 1.21073e-07
0.00169 1.21812e-07
0.0017 1.23113e-07
0.00171 1.24046e-07
0.00172 1.24607e-07
0.00173 1.25922e-07
0.00174 1.27244e-07
0.00175 1.28764e-07
0.00176 1.30868e-07
0.00177 1.33182e-07
0.00178 1.34152e-07
0.00179 1.36104e-07
0.0018 1.38069e-07
0.00181 1.40446e-07
0.00182 1.42843e-07
0.00183 1.45261e-07
0.00184 1.45869e-07
0.00185 1.44453e-07
0.00186 1.44655e-07
0.00187 1.45463e-07
0.00188 1.45869e-07
0.00189 1.45463e-07
0.0019 1.45059e-07
0.00191 1.45869e-07
0.00192 1.46477e-07
0.00193 1.47495e-07
0.00194 1.49541e-07
0.00195 1.50775e-07
0.00196 1.52014e-07
0.00197 1.54091e-07
0.00198 1.55762e-07
0.00199 1.58286e-07
0.002 1.60618e-07
0.00201 1.62752e-07
0.00202 1.65117e-07
0.00203 1.66413e-07
0.00204 1.67933e-07
0.00205 1.69896e-07
0.00206 1.70992e-07
0.00207 1.70772e-07
0.00208 1.69896e-07
0.00209 1.68368e-07
0.0021 1.6815e-07
0.00211 1.68586e-07
0.00212 1.68804e-07
0.00213 1.69459e-07
0.00214 1.71431e-07
0.00215 1.72752e-07
0.00216 1.72311e-07
0.00217 1.743e-07
0.00218 1.74744e-07
0.00219 1.76078e-07
0.0022 1.77864e-07
0.00221 1.79434e-07
0.00222 1.81464e-07
0.00223 1.8305e-07
0.00224 1.84188e-07
0.00225 1.84188e-07
0.00226 1.84415e-07
0.00227 1.84872e-07
0.00228 1.86244e-07
0.00229 1.86244e-07
0.0023 1.86473e-07
0.00231 1.87851e-07
0.00232 1.9155e-07
0.00233 1.94114e-07
0.00234 1.96695e-07
0.00235 1.98819e-07
0.00236 2.01431e-07
0.00237 2.03103e-07
0.00238 2.04541e-07
0.00239 2.08157e-07
0.0024 2.10586e-07
0.00241 2.1401e-07
0.00242 2.1895e-07
0.00243 2.22191e-07
0.00244 2.24448e-07
0.00245 2.26465e-07
0.00246 2.28744e-07
0.00247 2.28237e-07
0.00248 2.29761e-07
0.00249 2.34878e-07
0.0025 2.38493e-07
0.00251 2.40571e-07
0.00252 2.41614e-07
0.00253 2.43444e-07
0.00254 2.4607e-07
0.00255 2.4871e-07
0.00256 2.5243e-07
0.00257 2.55909e-07
0.00258 2.59682e-07
0.00259 2.62667e-07
0.0026 2.64029e-07
0.00261 2.65941e-07
0.00262 2.68411e-07
0.00263 2.72829e-07
0.00264 2.76166e-07
0.00265 2.78122e-07
0.00266 2.8121e-07
0.00267 2.83749e-07
0.00268 2.85165e-07
0.00269 2.88007e-07
0.0027 2.9029e-07
0.00271 2.92583e-07
0.00272 2.96327e-07
0.00273 3.00096e-07
0.00274 3.0418e-07
0.00275 3.06821e-07
0.00276 3.08293e-07
0.00277 3.08883e-07
0.00278 3.1036e-07
0.00279 3.10951e-07
0.0028 3.12433e-07
0.00281 3.13918e-07
0.00282 3.17797e-07
0.00283 3.22301e-07
0.00284 3.25927e-07
0.00285 3.28661e-07
0.00286 3.30489e-07
0.00287 3.31405e-07
0.00288 3.31405e-07
0.00289 3.32323e-07
0.0029 3.32323e-07
0.00291 3.32629e-07
0.00292 3.34775e-07
0.00293 3.38471e-07
0.00294 3.42808e-07
0.00295 3.44987e-07
0.00296 3.46548e-07
0.00297 3.45299e-07
0.00298 3.44053e-07
0.00299 3.42497e-07
0.003 3.40946e-07
0.00301 3.40636e-07
0.00302 3.42497e-07
0.00303 3.4686e-07
0.00304 3.50622e-07
0.00305 3.52826e-07
0.00306 3.50937e-07
0.00307 3.49052e-07
0.00308 3.48425e-07
0.00309 3.45923e-07
0.0031 3.4343e-07
0.00311 3.40636e-07
0.00312 3.37853e-07
0.00313 3.39089e-07
0.00314 3.4343e-07
0.00315 3.47173e-07
0.00316 3.47799e-07
0.00317 3.45923e-07
0.00318 3.40946e-07
0.00319 3.35082e-07
0.0032 3.31711e-07
0.00321 3.25927e-07
0.00322 3.16899e-07
0.00323 3.07115e-07
0.00324 2.99805e-07
0.00325 3.00096e-07
0.00326 3.0301e-07
0.00327 3.07409e-07
0.00328 3.10064e-07
0.00329 3.08588e-07
0.0033 3.04473e-07
0.00331 3.00969e-07
0.00332 2.93732e-07
0.00333 2.84315e-07
0.00334 2.74217e-07
0.00335 2.62395e-07
0.00336 2.53766e-07
0.00337 2.46333e-07
0.00338 2.37975e-07
0.00339 2.28744e-07
0.0034 2.1895e-07
0.00341 2.10099e-07
0.00342 2.01193e-07
0.00343 1.92713e-07
0.00344 1.8396e-07
0.00345 1.74079e-07
0.00346 1.6361e-07
0.00347 1.51807e-07
0.00348 1.39255e-07
0.00349 1.26299e-07
0.0035 1.14694e-07
0.00351 1.02286e-07
0.00352 9.05871e-08
0.00353 8.00488e-08
0.00354 6.91811e-08
0.00355 5.94937e-08
0.00356 4.98233e-08
0.00357 4.09025e-08
0.00358 3.31504e-08
0.00359 2.61261e-08
0.0036 1.96385e-08
0.00361 1.56272e-08
0.00362 1.26044e-08
0.00363 1.02256e-08
0.00364 8.19123e-09
0.00365 6.3399e-09
