0.0 0
1e-05 6.62802e-10
2e-05 6.35751e-10
3e-05 5.83342e-10
4e-05 5.20999e-10
5e-05 4.62179e-10
6e-05 3.85748e-10
7e-05 3.35381e-10
8e-05 2.7959e-10
9e-05 2.36972e-10
0.0001 1.97875e-10
0.00011 1.55609e-10
0.00012 1.18415e-10
0.00013 9.12946e-11
0.00014 6.76961e-11
0.00015 4.40271e-11
0.00016 2.54301e-11
0.00017 1.19049e-11
0.00018 3.45173e-12
0.00019 0
0.0002 2.53596e-12
0.00021 8.52365e-12
0.00022 2.54301e-11
0.00023 4.76197e-11
0.00024 7.67128e-11
0.00025 1.12709e-10
0.00026 1.42648e-10
0.00027 1.83223e-10
0.00028 2.28871e-10
0.00029 2.7959e-10
0.0003 3.06851e-10
0.00031 3.65178e-10
0.00032 4.06881e-10
0.00033 4.62179e-10
0.00034 5.20999e-10
0.00035 5.96233e-10
0.00036 6.76538e-10
0.00037 7.32893e-10
0.00038 8.06506e-10
0.00039 9.15482e-10
0.0004 9.97549e-10
0.00041 1.08314e-09
0.00042 1.17225e-09
0.00043 1.28383e-09
0.00044 1.42042e-09
0.00045 1.50157e-09
0.00046 1.64901e-09
0.00047 1.75855e-09
0.00048 1.91782e-09
0.00049 2.084e-09
0.0005 2.25708e-09
0.00051 2.38493e-09
0.00052 2.56984e-09
0.00053 2.73384e-09
0.00054 2.93157e-09
0.00055 3.10655e-09
0.00056 3.34775e-09
0.00057 3.47173e-09
0.00058 3.69412e-09
0.00059 3.92341e-09
0.0006 4.12545e-09
0.00061 4.36756e-09
0.00062 4.54472e-09
0.00063 4.83552e-09
0.00064 5.05953e-09
0.00065 5.28861e-09
0.00066 5.52276e-09
0.00067 5.72176e-09
0.00068 5.8835e-09
0.00069 6.13033e-09
0.0007 6.38224e-09
0.00071 6.59604e-09
0.00072 6.85724e-09
0.00073 7.03419e-09
0.00074 7.30385e-09
0.00075 7.62486e-09
0.00076 7.95278e-09
0.00077 8.23934e-09
0.00078 8.48202e-09
0.00079 8.82768e-09
0.0008 9.12946e-09
0.00081 9.38482e-09
0.00082 9.74824e-09
0.00083 1.00652e-08
0.00084 1.03333e-08
0.00085 1.07144e-08
0.00086 1.10466e-08
0.00087 1.13274e-08
0.00088 1.17263e-08
0.00089 1.21906e-08
0.0009 1.2664e-08
0.00091 1.31464e-08
0.00092 1.35759e-08
0.00093 1.39495e-08
0.00094 1.43283e-08
0.00095 1.47765e-08
0.00096 1.52972e-08
0.00097 1.56937e-08
0.00098 1.62302e-08
0.00099 1.6707e-08
0.001 1.70518e-08
0.00101 1.75405e-08
0.00102 1.79648e-08
0.00103 1.85385e-08
0.00104 1.89747e-08
0.00105 1.93421e-08
0.00106 1.97875e-08
0.00107 2.03894e-08
0.00108 2.09234e-08
0.00109 2.13867e-08
0.0011 2.17766e-08
0.00111 2.23284e-08
0.00112 2.28871e-08
0.00113 2.34526e-08
0.00114 2.41075e-08
0.00115 2.46879e-08
0.00116 2.51908e-08
0.00117 2.58693e-08
0.00118 2.63841e-08
0.00119 2.70784e-08
0.0012 2.75169e-08
0.00121 2.83151e-08
0.00122 2.90342e-08
0.00123 2.95795e-08
0.00124 3.0222e-08
0.00125 3.07782e-08
0.00126 3.13395e-08
0.00127 3.20007e-08
0.00128 3.24773e-08
0.00129 3.31504e-08
0.0013 3.38304e-08
0.00131 3.45173e-08
0.00132 3.51115e-08
0.00133 3.56106e-08
0.00134 3.62142e-08
0.00135 3.68228e-08
0.00136 3.74365e-08
0.00137 3.80553e-08
0.00138 3.86791e-08
