0.0 0
0.0001 6.09265e-10
0.0002 5.57982e-10
0.0003 4.85284e-10
0.0004 4.17659e-10
0.0005 3.55105e-10
0.0006 2.88536e-10
0.0007 2.45213e-10
0.0008 1.90479e-10
0.0009 1.55609e-10
0.001 1.24262e-10
0.0011 9.12946e-11
0.0012 6.3399e-11
0.0013 4.05754e-11
0.0014 2.54301e-11
0.0015 1.01438e-11
0.0016 3.45173e-12
0.0017 7.04434e-14
0.0018 1.76108e-12
0.0019 8.52365e-12
0.002 2.03581e-11
0.0021 3.40946e-11
0.0022 5.52276e-11
0.0023 8.62931e-11
0.0024 1.12709e-10
0.0025 1.55609e-10
0.0026 1.90479e-10
0.0027 2.45213e-10
0.0028 2.88536e-10
0.0029 3.45173e-10
0.003 4.17659e-10
0.0031 4.73661e-10
0.0032 5.45514e-10
0.0033 6.09265e-10
0.0034 7.04434e-10
0.0035 7.76638e-10
0.0036 8.67933e-10
0.0037 9.64299e-10
0.0038 1.04848e-09
0.0039 1.15414e-09
0.004 1.24607e-09
0.0041 1.36104e-09
0.0042 1.48107e-09
0.0043 1.60618e-09
0.0044 1.71431e-09
0.0045 1.87161e-09
0.0046 1.98819e-09
0.0047 2.1083e-09
0.0048 2.28237e-09
0.0049 2.41092e-09
0.005 2.54301e-09
0.0051 2.67861e-09
0.0052 2.84598e-09
0.0053 2.98934e-09
0.0054 3.16601e-09
0.0055 3.31711e-09
0.0056 3.47173e-09
0.0057 3.62988e-09
0.0058 3.79154e-09
0.0059 3.99019e-09
0.006 4.12545e-09
0.0061 4.33255e-09
0.0062 4.47344e-09
0.0063 4.68899e-09
0.0064 4.8725e-09
0.0065 5.09735e-09
0.0066 5.28861e-09
0.0067 5.44415e-09
0.0068 5.68168e-09
0.0069 5.8835e-09
0.007 6.08884e-09
0.0071 6.25565e-09
0.0072 6.5101e-09
0.0073 6.68254e-09
0.0074 6.85724e-09
0.0075 7.12352e-09
0.0076 7.30385e-09
0.0077 7.57858e-09
0.0078 7.76455e-09
0.0079 7.95278e-09
0.008 8.19123e-09
0.0081 8.4332e-09
0.0082 8.62931e-09
0.0083 8.92771e-09
0.0084 9.12946e-09
0.0085 9.43631e-09
0.0086 9.6437e-09
0.0087 9.959e-09
0.0088 1.0172e-08
0.0089 1.04415e-08
0.009 1.07695e-08
0.0091 1.10466e-08
0.0092 1.13274e-08
0.0093 1.15545e-08
0.0094 1.18994e-08
0.0095 1.21906e-08
0.0096 1.24855e-08
0.0097 1.27838e-08
0.0098 1.30856e-08
0.0099 1.33296e-08
0.01 1.36378e-08
0.0101 1.39495e-08
0.0102 1.42648e-08
0.0103 1.46477e-08
0.0104 1.49058e-08
0.0105 1.52316e-08
0.0106 1.54948e-08
0.0107 1.58938e-08
