0.0 0
0.0001 1.11836e-09
0.0002 9.15482e-10
0.0003 8.21652e-10
0.0004 1.4405e-09
0.0005 5.09735e-09
0.0006 1.61626e-08
0.0007 3.29574e-08
0.0008 5.28294e-08
0.0009 7.03026e-08
0.001 1.16862e-07
0.0011 2.02147e-07
0.0012 2.76724e-07
0.0013 3.1273e-07
0.0014 4.95809e-07
0.0015 6.82212e-07
0.0016 8.49669e-07
0.0017 1.05775e-06
0.0018 1.26581e-06
0.0019 1.59407e-06
0.002 2.05946e-06
0.0021 1.99822e-06
0.0022 2.11313e-06
0.0023 9.40025e-07
0.0024 8.72326e-07
0.0025 1.71698e-06
0.0026 1.42521e-06
0.0027 1.03549e-06
0.0028 1.37746e-06
0.0029 4.46004e-06
0.003 9.66113e-06
0.0031 2.05526e-05
0.0032 1.96271e-05
0.0033 2.39557e-05
