0.0 0
1e-05 1.22741e-09
2e-05 1.42042e-09
3e-05 1.4405e-09
4e-05 1.38069e-09
5e-05 1.28383e-09
6e-05 1.15414e-09
7e-05 1.03136e-09
8e-05 8.83642e-10
9e-05 7.47334e-10
0.0001 6.22438e-10
0.00011 4.73661e-10
0.00012 3.55105e-10
0.00013 2.45213e-10
0.00014 1.69135e-10
0.00015 1.07144e-10
0.00016 7.2134e-11
0.00017 6.3399e-11
0.00018 5.52276e-11
0.00019 4.05754e-11
0.0002 4.76197e-11
0.00021 7.67128e-11
0.00022 1.76108e-10
0.00023 3.75393e-10
0.00024 5.45514e-10
0.00025 4.97048e-10
0.00026 3.75393e-10
0.00027 2.7959e-10
0.00028 2.05413e-10
0.00029 2.13091e-10
0.0003 2.36972e-10
0.00031 3.35381e-10
0.00032 4.28578e-10
0.00033 1.76108e-10
0.00034 1.69135e-10
0.00035 2.28871e-10
0.00036 2.6212e-10
0.00037 3.06851e-10
0.00038 3.2573e-10
0.00039 2.88536e-10
0.0004 2.13091e-10
0.00041 1.18415e-10
0.00042 4.05754e-11
0.00043 6.3399e-13
0.00044 5.92429e-11
0.00045 2.05413e-10
0.00046 3.35381e-10
0.00047 2.70784e-10
0.00048 9.12946e-11
0.00049 7.67128e-11
0.0005 1.12709e-10
0.00051 2.6212e-10
0.00052 3.55105e-10
0.00053 4.97048e-10
0.00054 6.90416e-10
0.00055 8.83642e-10
0.00056 1.11836e-09
0.00057 1.38069e-09
0.00058 1.64901e-09
0.00059 1.89465e-09
0.0006 2.05983e-09
0.00061 2.28237e-09
0.00062 2.76166e-09
0.00063 3.66193e-09
0.00064 4.438e-09
0.00065 5.21168e-09
0.00066 5.96522e-09
0.00067 6.68254e-09
0.00068 7.12352e-09
0.00069 7.25856e-09
0.0007 7.44058e-09
0.00071 7.71785e-09
0.00072 8.09542e-09
0.00073 8.72822e-09
0.00074 9.80072e-09
0.00075 1.03873e-08
0.00076 1.07144e-08
0.00077 1.07695e-08
0.00078 1.03873e-08
0.00079 1.10466e-08
0.0008 1.25448e-08
0.00081 1.39495e-08
0.00082 1.40752e-08
0.00083 1.41383e-08
0.00084 1.42015e-08
0.00085 1.45195e-08
0.00086 1.52316e-08
0.00087 1.62979e-08
0.00088 1.72604e-08
0.00089 1.8036e-08
0.0009 1.949e-08
0.00091 2.16202e-08
0.00092 2.32094e-08
0.00093 2.46879e-08
0.00094 2.60404e-08
0.00095 2.71659e-08
0.00096 2.76051e-08
0.00097 2.7959e-08
0.00098 2.77817e-08
0.00099 2.75169e-08
0.001 2.73411e-08
0.00101 2.69912e-08
0.00102 2.65569e-08
0.00103 2.56138e-08
0.00104 2.43554e-08
0.00105 2.32903e-08
0.00106 2.22491e-08
0.00107 2.15422e-08
0.00108 2.09234e-08
0.00109 2.02381e-08
0.0011 1.92683e-08
0.00111 1.86109e-08
0.00112 1.78228e-08
0.00113 1.71212e-08
0.00114 1.657e-08
0.00115 1.60952e-08
0.00116 1.57602e-08
0.00117 1.57602e-08
0.00118 1.59608e-08
0.00119 1.56937e-08
0.0012 1.51009e-08
0.00121 1.44556e-08
0.00122 1.35141e-08
0.00123 1.22493e-08
0.00124 1.13274e-08
0.00125 1.05502e-08
0.00126 1.00652e-08
0.00127 9.6959e-09
0.00128 9.43631e-09
0.00129 9.28225e-09
0.0013 9.18025e-09
0.00131 8.92771e-09
0.00132 8.4332e-09
0.00133 7.8114e-09
0.00134 7.39486e-09
0.00135 6.85724e-09
0.00136 6.553e-09
0.00137 6.46734e-09
0.00138 6.3399e-09
0.00139 6.25565e-09
0.0014 6.00628e-09
0.00141 5.72176e-09
0.00142 5.44415e-09
0.00143 5.13532e-09
0.00144 4.8725e-09
0.00145 4.72541e-09
0.00146 4.61658e-09
0.00147 4.33255e-09
0.00148 3.92341e-09
0.00149 3.53457e-09
0.0015 3.25625e-09
0.00151 3.19595e-09
0.00152 3.40946e-09
0.00153 3.40946e-09
0.00154 2.87437e-09
0.00155 2.13274e-09
0.00156 2.15733e-09
0.00157 2.3078e-09
0.00158 2.51631e-09
0.00159 2.67861e-09
0.0016 2.9029e-09
0.00161 3.25625e-09
0.00162 4.09142e-09
0.00163 5.28861e-09
0.00164 6.42472e-09
0.00165 7.71785e-09
0.00166 8.72822e-09
0.00167 9.59164e-09
0.00168 1.00652e-08
0.00169 9.28225e-09
0.0017 6.38224e-09
0.00171 4.47344e-09
0.00172 3.28661e-09
0.00173 2.62395e-09
0.00174 2.13274e-09
0.00175 1.91782e-09
0.00176 1.87161e-09
0.00177 1.82596e-09
0.00178 1.71431e-09
0.00179 1.52221e-09
0.0018 1.30292e-09
0.00181 1.04848e-09
0.00182 8.06506e-10
0.00183 5.57982e-10
0.00184 3.55105e-10
0.00185 2.05413e-10
0.00186 7.2134e-11
0.00187 8.52365e-12
0.00188 6.3399e-11
0.00189 1.36378e-10
0.0019 2.2091e-10
0.00191 3.06851e-10
0.00192 4.50838e-10
0.00193 6.22438e-10
0.00194 7.32893e-10
0.00195 7.76638e-10
0.00196 6.90416e-10
0.00197 5.70591e-10
0.00198 4.62179e-10
0.00199 3.2573e-10
0.002 1.76108e-10
0.00201 7.2134e-11
0.00202 1.19049e-11
0.00203 1.12709e-12
0.00204 1.01438e-11
0.00205 1.58498e-11
0.00206 1.58498e-11
0.00207 2.28237e-11
0.00208 5.13532e-11
0.00209 1.12709e-10
0.0021 1.83223e-10
0.00211 2.28871e-10
0.00212 2.2091e-10
0.00213 2.05413e-10
0.00214 1.62302e-10
0.00215 1.07144e-10
0.00216 4.05754e-11
0.00217 3.45173e-12
0.00218 8.52365e-12
0.00219 5.13532e-11
0.0022 1.36378e-10
0.00221 2.45213e-10
0.00222 3.75393e-10
0.00223 4.97048e-10
0.00224 6.22438e-10
0.00225 7.18593e-10
0.00226 7.76638e-10
0.00227 7.76638e-10
0.00228 7.18593e-10
0.00229 6.90416e-10
0.0023 6.90416e-10
0.00231 7.91502e-10
0.00232 9.47886e-10
0.00233 1.17225e-09
0.00234 1.46071e-09
0.00235 1.71431e-09
0.00236 1.9646e-09
0.00237 2.23193e-09
0.00238 2.48975e-09
0.00239 2.73384e-09
0.0024 2.9029e-09
0.00241 3.04766e-09
0.00242 3.07704e-09
0.00243 3.07704e-09
0.00244 2.96038e-09
0.00245 2.73384e-09
0.00246 2.41092e-09
0.00247 2.05983e-09
0.00248 1.67064e-09
0.00249 1.32215e-09
0.0025 9.64299e-10
0.00251 6.90416e-10
0.00252 4.50838e-10
0.00253 2.36972e-10
0.00254 1.0172e-10
0.00255 4.76197e-11
0.00256 4.40271e-11
0.00257 8.62931e-11
0.00258 1.55609e-10
0.00259 2.53596e-10
0.0026 3.55105e-10
0.00261 4.73661e-10
0.00262 6.35751e-10
0.00263 7.91502e-10
0.00264 9.47886e-10
0.00265 1.10068e-09
0.00266 1.15414e-09
0.00267 1.24607e-09
0.00268 1.42042e-09
0.00269 1.58498e-09
0.0027 1.87161e-09
0.00271 2.20692e-09
0.00272 2.54301e-09
0.00273 2.78963e-09
0.00274 3.01843e-09
0.00275 3.50308e-09
0.00276 4.15961e-09
0.00277 4.72541e-09
0.00278 5.48338e-09
0.00279 6.38224e-09
0.0028 7.03419e-09
0.00281 7.53244e-09
0.00282 7.76455e-09
0.00283 8.87763e-09
0.00284 1.04415e-08
0.00285 1.07695e-08
0.00286 1.09909e-08
0.00287 1.11025e-08
0.00288 1.12709e-08
0.00289 1.12147e-08
0.0029 1.11025e-08
0.00291 1.10466e-08
0.00292 1.11585e-08
0.00293 1.14975e-08
0.00294 1.20155e-08
0.00295 1.27238e-08
0.00296 1.35141e-08
0.00297 1.43283e-08
0.00298 1.45835e-08
0.00299 1.47765e-08
0.003 1.47765e-08
0.00301 1.49707e-08
0.00302 1.51009e-08
0.00303 1.51662e-08
0.00304 1.52972e-08
0.00305 1.60279e-08
0.00306 1.74702e-08
0.00307 1.92683e-08
0.00308 2.06174e-08
0.00309 2.20122e-08
0.0031 2.39429e-08
0.00311 2.44383e-08
0.00312 2.56989e-08
0.00313 2.6904e-08
0.00314 2.83151e-08
0.00315 2.95795e-08
0.00316 3.07782e-08
0.00317 3.15277e-08
0.00318 3.18111e-08
0.00319 3.18111e-08
0.0032 3.15277e-08
0.00321 3.09647e-08
0.00322 3.04068e-08
0.00323 2.96708e-08
0.00324 2.87635e-08
0.00325 2.76051e-08
0.00326 2.63841e-08
0.00327 2.51067e-08
0.00328 2.37789e-08
0.00329 2.24873e-08
0.0033 2.11544e-08
0.00331 1.98623e-08
0.00332 1.85385e-08
0.00333 1.75405e-08
0.00334 1.66384e-08
0.00335 1.55609e-08
0.00336 1.45195e-08
0.00337 1.36378e-08
0.00338 1.3025e-08
0.00339 1.26044e-08
0.0034 1.18415e-08
0.00341 1.11585e-08
0.00342 1.03333e-08
0.00343 9.59164e-09
0.00344 8.77788e-09
0.00345 8.09542e-09
0.00346 7.25856e-09
0.00347 6.42472e-09
0.00348 5.60194e-09
0.00349 4.76197e-09
0.0035 4.15961e-09
0.00351 3.62988e-09
0.00352 3.16601e-09
0.00353 2.76166e-09
0.00354 2.33337e-09
0.00355 1.91782e-09
0.00356 1.54299e-09
0.00357 1.19049e-09
0.00358 8.67933e-10
0.00359 5.70591e-10
0.0036 3.45173e-10
0.00361 1.42648e-10
0.00362 3.72645e-11
0.00363 0
0.00364 3.72645e-11
0.00365 1.3025e-10
0.00366 2.7959e-10
0.00367 4.50838e-10
0.00368 6.76538e-10
0.00369 9.15482e-10
0.0037 1.15414e-09
0.00371 1.4405e-09
0.00372 1.71431e-09
0.00373 1.94114e-09
0.00374 2.20692e-09
0.00375 2.46333e-09
0.00376 2.76166e-09
0.00377 3.04766e-09
0.00378 3.34775e-09
0.00379 3.69412e-09
0.0038 4.05754e-09
0.00381 4.36756e-09
0.00382 4.68899e-09
0.00383 4.8725e-09
0.00384 5.05953e-09
0.00385 5.21168e-09
0.00386 5.40505e-09
0.00387 5.52276e-09
0.00388 5.68168e-09
0.00389 5.80235e-09
0.0039 6.00628e-09
0.00391 6.17197e-09
0.00392 6.38224e-09
0.00393 6.553e-09
0.00394 6.68254e-09
0.00395 6.726e-09
0.00396 6.76961e-09
0.00397 6.68254e-09
0.00398 6.63922e-09
0.00399 6.553e-09
0.004 6.59604e-09
0.00401 6.59604e-09
0.00402 6.63922e-09
0.00403 6.68254e-09
0.00404 6.81335e-09
0.00405 6.98974e-09
0.00406 6.98974e-09
0.00407 7.12352e-09
0.00408 7.12352e-09
0.00409 7.03419e-09
0.0041 7.03419e-09
0.00411 7.03419e-09
0.00412 6.98974e-09
0.00413 6.85724e-09
0.00414 6.63922e-09
0.00415 6.42472e-09
0.00416 6.13033e-09
0.00417 6.04749e-09
0.00418 6.00628e-09
0.00419 6.04749e-09
0.0042 6.21374e-09
0.00421 6.38224e-09
0.00422 6.63922e-09
0.00423 6.68254e-09
0.00424 6.59604e-09
0.00425 6.42472e-09
0.00426 6.29771e-09
0.00427 6.17197e-09
0.00428 6.00628e-09
0.00429 5.84286e-09
0.0043 5.76199e-09
0.00431 5.64174e-09
0.00432 5.56228e-09
0.00433 5.25007e-09
0.00434 4.8725e-09
0.00435 4.61658e-09
0.00436 4.26295e-09
0.00437 3.8243e-09
0.00438 3.40946e-09
0.00439 3.04766e-09
0.0044 2.65121e-09
0.00441 2.33337e-09
0.00442 2.05983e-09
0.00443 1.78088e-09
0.00444 1.54299e-09
0.00445 1.32215e-09
0.00446 1.15414e-09
0.00447 1.06574e-09
0.00448 1.01438e-09
0.00449 9.47886e-10
0.0045 9.47886e-10
0.00451 9.64299e-10
0.00452 1.01438e-09
0.00453 1.08314e-09
0.00454 1.13618e-09
0.00455 1.20888e-09
0.00456 1.22741e-09
0.00457 1.24607e-09
0.00458 1.28383e-09
0.00459 1.26488e-09
0.0046 1.24607e-09
0.00461 1.17225e-09
0.00462 1.11836e-09
0.00463 1.03136e-09
0.00464 9.64299e-10
0.00465 8.99491e-10
0.00466 8.67933e-10
0.00467 8.36938e-10
0.00468 8.21652e-10
0.00469 8.06506e-10
0.0047 7.76638e-10
0.00471 7.61916e-10
0.00472 7.32893e-10
0.00473 7.18593e-10
0.00474 7.32893e-10
0.00475 7.32893e-10
0.00476 7.61916e-10
0.00477 7.91502e-10
0.00478 8.36938e-10
0.00479 8.83642e-10
0.0048 9.31614e-10
0.00481 1.01438e-09
0.00482 1.06574e-09
0.00483 1.17225e-09
0.00484 1.22741e-09
0.00485 1.28383e-09
0.00486 1.36104e-09
0.00487 1.40048e-09
0.00488 1.4405e-09
0.00489 1.50157e-09
0.0049 1.54299e-09
0.00491 1.50157e-09
0.00492 4.85284e-10
0.00493 3.45173e-10
0.00494 3.35381e-10
0.00495 3.55105e-10
0.00496 4.28578e-10
0.00497 4.62179e-10
0.00498 4.65609e-08
0.00499 2.05983e-09
0.005 2.084e-09
