# Timestep Ixx Iyy Izz Ixy Ixz Iyz Wall Velocity
00000000  0.128135E-13  0.128135E-13  0.128135E-13 -0.394430E-30  0.887469E-30  0.788861E-30  0.500000E+01
00000100  0.128162E-13  0.128133E-13  0.128133E-13  0.142888E-25 -0.124142E-24 -0.355682E-23  0.500000E+01
00000200  0.128226E-13  0.128110E-13  0.128110E-13 -0.746639E-25 -0.136150E-24 -0.528400E-23  0.500000E+01
00000300  0.128322E-13  0.128061E-13  0.128061E-13  0.100106E-25 -0.710716E-25 -0.369353E-23  0.500000E+01
00000400  0.128454E-13  0.127989E-13  0.127989E-13  0.148408E-24  0.822871E-26 -0.207869E-23  0.500000E+01
00000500  0.128623E-13  0.127897E-13  0.127897E-13  0.938533E-24  0.170791E-24 -0.565830E-24  0.500000E+01
00000600  0.128833E-13  0.127791E-13  0.127791E-13  0.313083E-23  0.399561E-24  0.163955E-23  0.500000E+01
00000700  0.129083E-13  0.127673E-13  0.127672E-13  0.234354E-23  0.693580E-24  0.267329E-23  0.500000E+01
00000800  0.129367E-13  0.127542E-13  0.127541E-13  0.997017E-24  0.103885E-23  0.253136E-23  0.500000E+01
00000900  0.129684E-13  0.127400E-13  0.127397E-13  0.647445E-24  0.141572E-23  0.284154E-23  0.500000E+01
00001000  0.130035E-13  0.127245E-13  0.127243E-13  0.213941E-23  0.178993E-23  0.283970E-23  0.500000E+01
00001100  0.130420E-13  0.127080E-13  0.127077E-13  0.568421E-23  0.214649E-23  0.256599E-23  0.500000E+01
00001200  0.130839E-13  0.126906E-13  0.126901E-13  0.951470E-23  0.250024E-23  0.243011E-23  0.500000E+01
00001300  0.131294E-13  0.126722E-13  0.126716E-13  0.141985E-22  0.286840E-23  0.170575E-23  0.500000E+01
00001400  0.131784E-13  0.126529E-13  0.126521E-13  0.183658E-22  0.327261E-23  0.923512E-24  0.500000E+01
00001500  0.132308E-13  0.126330E-13  0.126320E-13  0.251705E-22  0.371618E-23  0.472272E-24  0.500000E+01
00001600  0.132865E-13  0.126124E-13  0.126113E-13  0.375696E-22  0.418468E-23 -0.149291E-23  0.500000E+01
00001700  0.133450E-13  0.125913E-13  0.125900E-13  0.514855E-22  0.468895E-23 -0.453522E-23  0.500000E+01
00001800  0.134061E-13  0.125698E-13  0.125683E-13  0.667407E-22  0.525568E-23 -0.714385E-23  0.500000E+01
00001900  0.134697E-13  0.125482E-13  0.125466E-13  0.823952E-22  0.590323E-23 -0.941958E-23  0.500000E+01
00002000  0.135359E-13  0.125265E-13  0.125246E-13  0.996071E-22  0.665576E-23 -0.998003E-23  0.500000E+01
00002100  0.136052E-13  0.125045E-13  0.125024E-13  0.710700E-22  0.757262E-23 -0.973917E-23  0.500000E+01
00002200  0.136769E-13  0.124824E-13  0.124801E-13  0.319223E-22  0.867315E-23 -0.852350E-23  0.500000E+01
00002300  0.137506E-13  0.124601E-13  0.124576E-13 -0.627921E-23  0.995945E-23 -0.702161E-23  0.500000E+01
00002400  0.138265E-13  0.124372E-13  0.124345E-13 -0.435010E-22  0.114738E-22 -0.606353E-23  0.500000E+01
00002500  0.139046E-13  0.124144E-13  0.124115E-13 -0.867269E-22  0.131957E-22 -0.505526E-23  0.500000E+01
00002600  0.139856E-13  0.123924E-13  0.123892E-13 -0.128748E-21  0.150844E-22 -0.343081E-23  0.500000E+01
00002700  0.140698E-13  0.123714E-13  0.123678E-13 -0.174574E-21  0.170753E-22  0.799918E-24  0.500000E+01
00002800  0.141570E-13  0.123522E-13  0.123484E-13 -0.223008E-21  0.193802E-22  0.478020E-23  0.500000E+01
00002900  0.142465E-13  0.123351E-13  0.123310E-13 -0.274351E-21  0.220578E-22  0.898389E-23  0.500000E+01
00003000  0.143380E-13  0.123179E-13  0.123135E-13 -0.331749E-21  0.252291E-22  0.105374E-22  0.500000E+01
00003100  0.144317E-13  0.123003E-13  0.122956E-13 -0.318156E-21  0.287251E-22  0.120109E-22  0.500000E+01
00003200  0.145271E-13  0.122827E-13  0.122777E-13 -0.302127E-21  0.262124E-22  0.138158E-22  0.500000E+01
00003300  0.146235E-13  0.122655E-13  0.122602E-13 -0.300901E-21  0.232104E-22  0.147472E-22  0.500000E+01
00003400  0.147206E-13  0.122495E-13  0.122439E-13 -0.314913E-21  0.210747E-22  0.165387E-22  0.500000E+01
00003500  0.148175E-13  0.122352E-13  0.122294E-13 -0.339794E-21  0.192864E-22  0.153254E-22  0.500000E+01
00003600  0.149140E-13  0.122233E-13  0.122172E-13 -0.425501E-21  0.179913E-22  0.112423E-22  0.500000E+01
00003700  0.150106E-13  0.122124E-13  0.122060E-13 -0.531972E-21  0.169890E-22  0.646012E-23  0.500000E+01
00003800  0.151073E-13  0.122024E-13  0.121957E-13 -0.650757E-21  0.155517E-22  0.343960E-23  0.500000E+01
00003900  0.152032E-13  0.121933E-13  0.121863E-13 -0.761389E-21  0.136324E-22  0.123116E-24  0.500000E+01
00004000  0.152979E-13  0.121848E-13  0.121775E-13 -0.884394E-21  0.122038E-22 -0.414783E-23  0.500000E+01
00004100  0.153911E-13  0.121769E-13  0.121693E-13 -0.978219E-21  0.121166E-22 -0.665719E-23  0.500000E+01
00004200  0.154827E-13  0.121698E-13  0.121620E-13 -0.107745E-20  0.135230E-22 -0.647551E-23  0.500000E+01
00004300  0.155722E-13  0.121638E-13  0.121558E-13 -0.117663E-20  0.157851E-22 -0.634019E-23  0.500000E+01
00004400  0.156600E-13  0.121588E-13  0.121505E-13 -0.127350E-20  0.190774E-22 -0.571658E-23  0.500000E+01
00004500  0.157461E-13  0.121548E-13  0.121462E-13 -0.104998E-20  0.358560E-22 -0.153364E-22  0.500000E+01
00004600  0.158303E-13  0.121523E-13  0.121434E-13 -0.592820E-21  0.456671E-22 -0.882257E-23  0.500000E+01
00004700  0.159123E-13  0.121517E-13  0.121424E-13 -0.165054E-21  0.505045E-22 -0.621549E-23  0.500000E+01
00004800  0.159921E-13  0.121523E-13  0.121428E-13  0.225653E-21  0.555082E-22 -0.400182E-23  0.500000E+01
00004900  0.160693E-13  0.121544E-13  0.121445E-13  0.616463E-21  0.619422E-22 -0.262527E-23  0.500000E+01
00005000  0.161435E-13  0.121566E-13  0.121463E-13  0.954194E-21  0.700511E-22 -0.509081E-23  0.500000E+01
00005100  0.162143E-13  0.121585E-13  0.121477E-13  0.119381E-20  0.797088E-22 -0.109843E-22  0.500000E+01
00005200  0.162816E-13  0.121599E-13  0.121487E-13  0.140541E-20  0.976028E-22  0.109516E-22  0.500000E+01
00005300  0.163460E-13  0.121613E-13  0.121496E-13  0.152400E-20  0.107231E-21 -0.963368E-24  0.500000E+01
00005400  0.164079E-13  0.121625E-13  0.121503E-13  0.882194E-21  0.116267E-21 -0.275919E-22  0.500000E+01
00005500  0.164670E-13  0.121631E-13  0.121504E-13  0.263589E-20  0.130046E-21 -0.511686E-22  0.500000E+01
00005600  0.165233E-13  0.121629E-13  0.121497E-13  0.504771E-20  0.147798E-21 -0.734621E-22  0.500000E+01
00005700  0.165767E-13  0.121625E-13  0.121489E-13  0.766973E-20  0.166339E-21 -0.823269E-22  0.500000E+01
00005800  0.166264E-13  0.121625E-13  0.121485E-13  0.118341E-19  0.173765E-21 -0.103323E-21  0.500000E+01
00005900  0.166716E-13  0.121638E-13  0.121495E-13  0.165149E-19  0.186201E-21 -0.123385E-21  0.500000E+01
00006000  0.167118E-13  0.121664E-13  0.121518E-13  0.220476E-19  0.204190E-21 -0.147221E-21  0.500000E+01
00006100  0.167469E-13  0.121687E-13  0.121538E-13  0.294522E-19  0.231944E-21 -0.176836E-21  0.500000E+01
00006200  0.167762E-13  0.121699E-13  0.121547E-13  0.378252E-19  0.266607E-21 -0.208422E-21  0.500000E+01
00006300  0.167996E-13  0.121702E-13  0.121545E-13  0.483479E-19  0.304483E-21 -0.240559E-21  0.500000E+01
00006400  0.168174E-13  0.121697E-13  0.121537E-13  0.527136E-19  0.345046E-21 -0.275608E-21  0.500000E+01
00006500  0.168294E-13  0.121687E-13  0.121525E-13  0.554540E-19  0.391616E-21 -0.310792E-21  0.500000E+01
00006600  0.168358E-13  0.121674E-13  0.121509E-13  0.623118E-19  0.458168E-21 -0.323487E-21  0.500000E+01
00006700  0.168368E-13  0.121651E-13  0.121485E-13  0.652974E-19  0.529606E-21 -0.319389E-21  0.500000E+01
00006800  0.168314E-13  0.121617E-13  0.121450E-13  0.731081E-19  0.600269E-21 -0.316954E-21  0.500000E+01
00006900  0.168189E-13  0.121579E-13  0.121409E-13  0.867451E-19  0.674228E-21 -0.318743E-21  0.500000E+01
00007000  0.167994E-13  0.121551E-13  0.121379E-13  0.960684E-19  0.749920E-21 -0.325977E-21  0.500000E+01
00007100  0.167736E-13  0.121536E-13  0.121361E-13  0.107551E-18  0.831416E-21 -0.362184E-21  0.500000E+01
00007200  0.167414E-13  0.121527E-13  0.121347E-13  0.122681E-18  0.913942E-21 -0.396968E-21  0.500000E+01
00007300  0.167037E-13  0.121516E-13  0.121330E-13  0.128637E-18  0.996235E-21 -0.424430E-21  0.500000E+01
00007400  0.166613E-13  0.121500E-13  0.121309E-13  0.141640E-18  0.107811E-20 -0.475552E-21  0.500000E+01
00007500  0.166148E-13  0.121482E-13  0.121287E-13  0.154199E-18  0.113235E-20 -0.537050E-21  0.500000E+01
00007600  0.165656E-13  0.121467E-13  0.121268E-13  0.163612E-18  0.118285E-20 -0.620489E-21  0.500000E+01
00007700  0.165141E-13  0.121459E-13  0.121257E-13  0.173444E-18  0.124914E-20 -0.719205E-21  0.500000E+01
00007800  0.164606E-13  0.121459E-13  0.121255E-13  0.181320E-18  0.110068E-20 -0.958068E-21  0.500000E+01
00007900  0.164053E-13  0.121464E-13  0.121259E-13  0.188363E-18  0.785750E-21 -0.137139E-20  0.500000E+01
00008000  0.163477E-13  0.121468E-13  0.121261E-13  0.195000E-18  0.396933E-21 -0.184870E-20  0.500000E+01
00008100  0.162873E-13  0.121466E-13  0.121261E-13  0.205427E-18 -0.484042E-23 -0.233059E-20  0.500000E+01
00008200  0.162255E-13  0.121461E-13  0.121259E-13  0.215716E-18 -0.418722E-21 -0.272850E-20  0.500000E+01
00008300  0.161615E-13  0.121451E-13  0.121254E-13  0.225181E-18 -0.112580E-20 -0.307076E-20  0.500000E+01
00008400  0.160954E-13  0.121442E-13  0.121247E-13  0.234737E-18 -0.170538E-20 -0.343091E-20  0.500000E+01
00008500  0.160276E-13  0.121443E-13  0.121251E-13  0.242018E-18 -0.181635E-20 -0.370210E-20  0.500000E+01
00008600  0.159576E-13  0.121452E-13  0.121264E-13  0.257575E-18 -0.184187E-20 -0.396832E-20  0.500000E+01
00008700  0.158851E-13  0.121466E-13  0.121282E-13  0.290641E-18 -0.175612E-20 -0.421648E-20  0.500000E+01
00008800  0.158108E-13  0.121477E-13  0.121297E-13  0.330556E-18 -0.165267E-20 -0.446390E-20  0.500000E+01
00008900  0.157358E-13  0.121491E-13  0.121315E-13  0.366690E-18 -0.154373E-20 -0.467213E-20  0.500000E+01
00009000  0.156606E-13  0.121518E-13  0.121345E-13  0.397296E-18 -0.117844E-20 -0.471456E-20  0.500000E+01
00009100  0.155853E-13  0.121562E-13  0.121390E-13  0.426314E-18 -0.572225E-21 -0.472323E-20  0.500000E+01
00009200  0.155094E-13  0.121622E-13  0.121451E-13  0.440906E-18  0.344097E-21 -0.452169E-20  0.500000E+01
00009300  0.154341E-13  0.121700E-13  0.121528E-13  0.455089E-18  0.132523E-20 -0.429468E-20  0.500000E+01
00009400  0.153591E-13  0.121788E-13  0.121616E-13  0.472082E-18  0.216436E-20 -0.409783E-20  0.500000E+01
00009500  0.152844E-13  0.121882E-13  0.121709E-13  0.500975E-18  0.303056E-20 -0.379450E-20  0.500000E+01
00009600  0.152099E-13  0.121976E-13  0.121802E-13  0.534845E-18  0.417030E-20 -0.342002E-20  0.500000E+01
00009700  0.151357E-13  0.122065E-13  0.121890E-13  0.570895E-18  0.548088E-20 -0.310349E-20  0.500000E+01
00009800  0.150620E-13  0.122150E-13  0.121973E-13  0.599005E-18  0.655507E-20 -0.285250E-20  0.500000E+01
00009900  0.149892E-13  0.122234E-13  0.122056E-13  0.623439E-18  0.739314E-20 -0.250291E-20  0.500000E+01
00010000  0.149185E-13  0.122321E-13  0.122142E-13  0.647354E-18  0.831568E-20 -0.205486E-20  0.500000E+01
00010100  0.148494E-13  0.122415E-13  0.122233E-13  0.672350E-18  0.917242E-20 -0.133740E-20  0.500000E+01
00010200  0.147815E-13  0.122515E-13  0.122331E-13  0.697169E-18  0.100413E-19 -0.495011E-21  0.500000E+01
00010300  0.147151E-13  0.122624E-13  0.122438E-13  0.763269E-18  0.107736E-19  0.334202E-21  0.500000E+01
00010400  0.146494E-13  0.122747E-13  0.122562E-13  0.804533E-18  0.133400E-19  0.138156E-20  0.500000E+01
00010500  0.145841E-13  0.122876E-13  0.122690E-13  0.856812E-18  0.159364E-19  0.236595E-20  0.500000E+01
00010600  0.145199E-13  0.123011E-13  0.122823E-13  0.915068E-18  0.190236E-19  0.349713E-20  0.500000E+01
00010700  0.144577E-13  0.123154E-13  0.122967E-13  0.974082E-18  0.223780E-19  0.464693E-20  0.500000E+01
00010800  0.143975E-13  0.123304E-13  0.123119E-13  0.103414E-17  0.256038E-19  0.604965E-20  0.500000E+01
00010900  0.143392E-13  0.123457E-13  0.123273E-13  0.108502E-17  0.291461E-19  0.725345E-20  0.500000E+01
00011000  0.142830E-13  0.123609E-13  0.123425E-13  0.111928E-17  0.328873E-19  0.861185E-20  0.500000E+01
00011100  0.142291E-13  0.123756E-13  0.123575E-13  0.112361E-17  0.361410E-19  0.993799E-20  0.500000E+01
00011200  0.141782E-13  0.123899E-13  0.123722E-13  0.112133E-17  0.390333E-19  0.119424E-19  0.500000E+01
00011300  0.141296E-13  0.124046E-13  0.123873E-13  0.114141E-17  0.426037E-19  0.137205E-19  0.500000E+01
00011400  0.140810E-13  0.124196E-13  0.124030E-13  0.113342E-17  0.461314E-19  0.151637E-19  0.500000E+01
00011500  0.140317E-13  0.124347E-13  0.124190E-13  0.110184E-17  0.495733E-19  0.166659E-19  0.500000E+01
00011600  0.139817E-13  0.124497E-13  0.124348E-13  0.107475E-17  0.530394E-19  0.184872E-19  0.500000E+01
00011700  0.139308E-13  0.124644E-13  0.124505E-13  0.102395E-17  0.557912E-19  0.201254E-19  0.500000E+01
00011800  0.138791E-13  0.124793E-13  0.124664E-13  0.966157E-18  0.587040E-19  0.217862E-19  0.500000E+01
00011900  0.138273E-13  0.124949E-13  0.124830E-13  0.908378E-18  0.616523E-19  0.234001E-19  0.500000E+01
00012000  0.137757E-13  0.125111E-13  0.125005E-13  0.856897E-18  0.651377E-19  0.253171E-19  0.500000E+01
00012100  0.137253E-13  0.125276E-13  0.125181E-13  0.796967E-18  0.676482E-19  0.274762E-19  0.500000E+01
00012200  0.136774E-13  0.125439E-13  0.125356E-13  0.748685E-18  0.690683E-19  0.298721E-19  0.500000E+01
00012300  0.136317E-13  0.125601E-13  0.125531E-13  0.713734E-18  0.711109E-19  0.324346E-19  0.500000E+01
00012400  0.135877E-13  0.125764E-13  0.125709E-13  0.594179E-18  0.746532E-19  0.356168E-19  0.500000E+01
00012500  0.135460E-13  0.125938E-13  0.125893E-13  0.520203E-18  0.778762E-19  0.395977E-19  0.500000E+01
00012600  0.135080E-13  0.126120E-13  0.126081E-13  0.457496E-18  0.800533E-19  0.439972E-19  0.500000E+01
00012700  0.134736E-13  0.126301E-13  0.126267E-13  0.417425E-18  0.824802E-19  0.482003E-19  0.500000E+01
00012800  0.134414E-13  0.126476E-13  0.126445E-13  0.381277E-18  0.851569E-19  0.526781E-19  0.500000E+01
00012900  0.134107E-13  0.126642E-13  0.126612E-13  0.334890E-18  0.893368E-19  0.575431E-19  0.500000E+01
00013000  0.133808E-13  0.126790E-13  0.126762E-13  0.288804E-18  0.920736E-19  0.622854E-19  0.500000E+01
00013100  0.133514E-13  0.126919E-13  0.126893E-13  0.245970E-18  0.957999E-19  0.669692E-19  0.500000E+01
00013200  0.133226E-13  0.127029E-13  0.127004E-13  0.219461E-18  0.997362E-19  0.713414E-19  0.500000E+01
00013300  0.132937E-13  0.127121E-13  0.127097E-13  0.218756E-18  0.103263E-18  0.753054E-19  0.500000E+01
00013400  0.132651E-13  0.127196E-13  0.127175E-13  0.229886E-18  0.105677E-18  0.791279E-19  0.500000E+01
00013500  0.132368E-13  0.127268E-13  0.127252E-13  0.249828E-18  0.108018E-18  0.828051E-19  0.500000E+01
00013600  0.132098E-13  0.127331E-13  0.127323E-13  0.257092E-18  0.110046E-18  0.865386E-19  0.500000E+01
00013700  0.131849E-13  0.127385E-13  0.127381E-13  0.245761E-18  0.112459E-18  0.900626E-19  0.500000E+01
00013800  0.131623E-13  0.127440E-13  0.127434E-13  0.229469E-18  0.115083E-18  0.932346E-19  0.500000E+01
00013900  0.131419E-13  0.127507E-13  0.127489E-13  0.247541E-18  0.118102E-18  0.960731E-19  0.500000E+01
00014000  0.131239E-13  0.127592E-13  0.127562E-13  0.276475E-18  0.120819E-18  0.984957E-19  0.500000E+01
00014100  0.131088E-13  0.127673E-13  0.127634E-13  0.291437E-18  0.122663E-18  0.100888E-18  0.500000E+01
00014200  0.130964E-13  0.127738E-13  0.127690E-13  0.292744E-18  0.124025E-18  0.103128E-18  0.500000E+01
00014300  0.130856E-13  0.127782E-13  0.127730E-13  0.289097E-18  0.126053E-18  0.104907E-18  0.500000E+01
00014400  0.130750E-13  0.127806E-13  0.127750E-13  0.266279E-18  0.128072E-18  0.106253E-18  0.500000E+01
00014500  0.130654E-13  0.127814E-13  0.127754E-13  0.227782E-18  0.129923E-18  0.107968E-18  0.500000E+01
00014600  0.130567E-13  0.127814E-13  0.127745E-13  0.175655E-18  0.132415E-18  0.109906E-18  0.500000E+01
00014700  0.130485E-13  0.127802E-13  0.127728E-13  0.125346E-18  0.133912E-18  0.111747E-18  0.500000E+01
00014800  0.130411E-13  0.127788E-13  0.127714E-13  0.107785E-18  0.134705E-18  0.113823E-18  0.500000E+01
00014900  0.130340E-13  0.127774E-13  0.127700E-13  0.595255E-19  0.135336E-18  0.116110E-18  0.500000E+01
00015000  0.130281E-13  0.127749E-13  0.127674E-13  0.206781E-19  0.134507E-18  0.116056E-18  0.500000E+01
00015100  0.130244E-13  0.127711E-13  0.127637E-13 -0.232491E-20  0.130852E-18  0.112449E-18  0.500000E+01
00015200  0.130232E-13  0.127665E-13  0.127595E-13 -0.497515E-19  0.122493E-18  0.103646E-18  0.500000E+01
00015300  0.130242E-13  0.127624E-13  0.127560E-13 -0.100173E-18  0.113779E-18  0.952348E-19  0.500000E+01
00015400  0.130274E-13  0.127581E-13  0.127523E-13 -0.161122E-18  0.106764E-18  0.881204E-19  0.500000E+01
00015500  0.130323E-13  0.127520E-13  0.127467E-13 -0.225496E-18  0.100057E-18  0.811612E-19  0.500000E+01
00015600  0.130388E-13  0.127446E-13  0.127392E-13 -0.286991E-18  0.930737E-19  0.742091E-19  0.500000E+01
00015700  0.130465E-13  0.127356E-13  0.127302E-13 -0.359766E-18  0.854916E-19  0.666984E-19  0.500000E+01
00015800  0.130557E-13  0.127245E-13  0.127196E-13 -0.426484E-18  0.771105E-19  0.590345E-19  0.500000E+01
00015900  0.130675E-13  0.127136E-13  0.127092E-13 -0.517368E-18  0.682779E-19  0.510008E-19  0.500000E+01
00016000  0.130803E-13  0.127046E-13  0.127006E-13 -0.624474E-18  0.599782E-19  0.425620E-19  0.500000E+01
00016100  0.130941E-13  0.126967E-13  0.126929E-13 -0.763107E-18  0.517015E-19  0.340305E-19  0.500000E+01
00016200  0.131092E-13  0.126889E-13  0.126855E-13 -0.907140E-18  0.435840E-19  0.255536E-19  0.500000E+01
00016300  0.131254E-13  0.126809E-13  0.126779E-13 -0.105369E-17  0.347389E-19  0.165757E-19  0.500000E+01
00016400  0.131433E-13  0.126719E-13  0.126695E-13 -0.120794E-17  0.255096E-19  0.690756E-20  0.500000E+01
00016500  0.131638E-13  0.126626E-13  0.126608E-13 -0.138076E-17  0.169382E-19 -0.284200E-20  0.500000E+01
00016600  0.131874E-13  0.126545E-13  0.126532E-13 -0.156846E-17  0.912616E-20 -0.123504E-19  0.500000E+01
00016700  0.132140E-13  0.126455E-13  0.126449E-13 -0.174097E-17  0.169489E-20 -0.220921E-19  0.500000E+01
00016800  0.132434E-13  0.126347E-13  0.126348E-13 -0.187838E-17 -0.566013E-20 -0.321608E-19  0.500000E+01
00016900  0.132747E-13  0.126219E-13  0.126224E-13 -0.199895E-17 -0.140414E-19 -0.427063E-19  0.500000E+01
00017000  0.133076E-13  0.126074E-13  0.126082E-13 -0.210845E-17 -0.210808E-19 -0.532961E-19  0.500000E+01
00017100  0.133429E-13  0.125923E-13  0.125932E-13 -0.220292E-17 -0.259497E-19 -0.638159E-19  0.500000E+01
00017200  0.133803E-13  0.125773E-13  0.125782E-13 -0.229083E-17 -0.305027E-19 -0.749273E-19  0.500000E+01
00017300  0.134191E-13  0.125626E-13  0.125631E-13 -0.235173E-17 -0.345024E-19 -0.861179E-19  0.500000E+01
00017400  0.134593E-13  0.125469E-13  0.125474E-13 -0.237027E-17 -0.365448E-19 -0.968843E-19  0.500000E+01
00017500  0.135005E-13  0.125303E-13  0.125312E-13 -0.236851E-17 -0.372010E-19 -0.107059E-18  0.500000E+01
00017600  0.135420E-13  0.125147E-13  0.125154E-13 -0.239362E-17 -0.387680E-19 -0.117789E-18  0.500000E+01
00017700  0.135844E-13  0.124997E-13  0.125003E-13 -0.242527E-17 -0.396690E-19 -0.128578E-18  0.500000E+01
00017800  0.136276E-13  0.124877E-13  0.124882E-13 -0.241645E-17 -0.407510E-19 -0.138710E-18  0.500000E+01
00017900  0.136713E-13  0.124749E-13  0.124755E-13 -0.238336E-17 -0.424228E-19 -0.147896E-18  0.500000E+01
00018000  0.137155E-13  0.124607E-13  0.124611E-13 -0.235817E-17 -0.470991E-19 -0.156225E-18  0.500000E+01
00018100  0.137619E-13  0.124454E-13  0.124456E-13 -0.232659E-17 -0.513924E-19 -0.163611E-18  0.500000E+01
00018200  0.138118E-13  0.124295E-13  0.124296E-13 -0.225675E-17 -0.593415E-19 -0.171111E-18  0.500000E+01
00018300  0.138649E-13  0.124149E-13  0.124136E-13 -0.216859E-17 -0.672790E-19 -0.177934E-18  0.500000E+01
00018400  0.139209E-13  0.124023E-13  0.123987E-13 -0.204817E-17 -0.715524E-19 -0.183909E-18  0.500000E+01
00018500  0.139791E-13  0.123922E-13  0.123865E-13 -0.191027E-17 -0.775576E-19 -0.188900E-18  0.500000E+01
00018600  0.140390E-13  0.123835E-13  0.123749E-13 -0.177839E-17 -0.870271E-19 -0.193928E-18  0.500000E+01
00018700  0.141005E-13  0.123737E-13  0.123623E-13 -0.162995E-17 -0.938828E-19 -0.198847E-18  0.500000E+01
00018800  0.141635E-13  0.123629E-13  0.123485E-13 -0.146908E-17 -0.101896E-18 -0.203674E-18  0.500000E+01
00018900  0.142284E-13  0.123520E-13  0.123341E-13 -0.131533E-17 -0.111393E-18 -0.208404E-18  0.500000E+01
00019000  0.142960E-13  0.123410E-13  0.123191E-13 -0.119849E-17 -0.125171E-18 -0.211880E-18  0.500000E+01
00019100  0.143643E-13  0.123290E-13  0.123034E-13 -0.108976E-17 -0.135956E-18 -0.213603E-18  0.500000E+01
00019200  0.144322E-13  0.123166E-13  0.122875E-13 -0.969870E-18 -0.146982E-18 -0.214803E-18  0.500000E+01
00019300  0.145000E-13  0.123049E-13  0.122718E-13 -0.864241E-18 -0.163066E-18 -0.215697E-18  0.500000E+01
00019400  0.145681E-13  0.122942E-13  0.122571E-13 -0.758246E-18 -0.181381E-18 -0.215913E-18  0.500000E+01
00019500  0.146364E-13  0.122849E-13  0.122440E-13 -0.622233E-18 -0.196522E-18 -0.215703E-18  0.500000E+01
00019600  0.147049E-13  0.122767E-13  0.122320E-13 -0.506609E-18 -0.214498E-18 -0.215251E-18  0.500000E+01
00019700  0.147726E-13  0.122689E-13  0.122205E-13 -0.429110E-18 -0.230918E-18 -0.215263E-18  0.500000E+01
00019800  0.148393E-13  0.122633E-13  0.122111E-13 -0.432257E-18 -0.250683E-18 -0.214075E-18  0.500000E+01
00019900  0.149055E-13  0.122602E-13  0.122045E-13 -0.474619E-18 -0.271058E-18 -0.211804E-18  0.500000E+01
00020000  0.149714E-13  0.122584E-13  0.121991E-13 -0.519320E-18 -0.290649E-18 -0.208918E-18  0.500000E+01
00020100  0.150367E-13  0.122568E-13  0.121940E-13 -0.623189E-18 -0.314477E-18 -0.205611E-18  0.500000E+01
00020200  0.151008E-13  0.122541E-13  0.121884E-13 -0.756217E-18 -0.334936E-18 -0.202146E-18  0.500000E+01
00020300  0.151628E-13  0.122505E-13  0.121824E-13 -0.956451E-18 -0.356808E-18 -0.197343E-18  0.500000E+01
00020400  0.152229E-13  0.122470E-13  0.121768E-13 -0.119865E-17 -0.386261E-18 -0.192910E-18  0.500000E+01
00020500  0.152802E-13  0.122435E-13  0.121712E-13 -0.142848E-17 -0.407037E-18 -0.185484E-18  0.500000E+01
00020600  0.153344E-13  0.122396E-13  0.121652E-13 -0.169968E-17 -0.427501E-18 -0.176225E-18  0.500000E+01
00020700  0.153868E-13  0.122351E-13  0.121590E-13 -0.196455E-17 -0.441071E-18 -0.164080E-18  0.500000E+01
00020800  0.154385E-13  0.122304E-13  0.121527E-13 -0.224492E-17 -0.450375E-18 -0.152318E-18  0.500000E+01
00020900  0.154902E-13  0.122293E-13  0.121486E-13 -0.259563E-17 -0.467093E-18 -0.140672E-18  0.500000E+01
00021000  0.155416E-13  0.122292E-13  0.121453E-13 -0.307021E-17 -0.488511E-18 -0.128224E-18  0.500000E+01
00021100  0.155910E-13  0.122288E-13  0.121417E-13 -0.344316E-17 -0.519126E-18 -0.112733E-18  0.500000E+01
00021200  0.156383E-13  0.122273E-13  0.121370E-13 -0.385306E-17 -0.548334E-18 -0.897130E-19  0.500000E+01
00021300  0.156839E-13  0.122253E-13  0.121315E-13 -0.421246E-17 -0.573604E-18 -0.587303E-19  0.500000E+01
00021400  0.157281E-13  0.122239E-13  0.121257E-13 -0.463532E-17 -0.605259E-18 -0.183589E-19  0.500000E+01
00021500  0.157699E-13  0.122239E-13  0.121204E-13 -0.499774E-17 -0.642819E-18  0.338591E-19  0.500000E+01
00021600  0.158091E-13  0.122252E-13  0.121156E-13 -0.542881E-17 -0.689333E-18  0.947529E-19  0.500000E+01
00021700  0.158447E-13  0.122267E-13  0.121100E-13 -0.604560E-17 -0.731334E-18  0.162569E-18  0.500000E+01
00021800  0.158774E-13  0.122292E-13  0.121049E-13 -0.678547E-17 -0.808474E-18  0.238282E-18  0.500000E+01
00021900  0.159068E-13  0.122313E-13  0.120988E-13 -0.770806E-17 -0.891836E-18  0.320193E-18  0.500000E+01
00022000  0.159325E-13  0.122331E-13  0.120919E-13 -0.871053E-17 -0.991763E-18  0.406462E-18  0.500000E+01
00022100  0.159543E-13  0.122340E-13  0.120841E-13 -0.961311E-17 -0.109365E-17  0.495948E-18  0.500000E+01
00022200  0.159723E-13  0.122348E-13  0.120757E-13 -0.109949E-16 -0.117854E-17  0.595961E-18  0.500000E+01
00022300  0.159877E-13  0.122372E-13  0.120676E-13 -0.130768E-16 -0.127561E-17  0.695518E-18  0.500000E+01
00022400  0.160013E-13  0.122415E-13  0.120611E-13 -0.153847E-16 -0.143173E-17  0.788444E-18  0.500000E+01
00022500  0.160131E-13  0.122486E-13  0.120575E-13 -0.178016E-16 -0.160951E-17  0.893725E-18  0.500000E+01
00022600  0.160231E-13  0.122566E-13  0.120552E-13 -0.201872E-16 -0.172962E-17  0.991768E-18  0.500000E+01
00022700  0.160295E-13  0.122638E-13  0.120526E-13 -0.223375E-16 -0.184833E-17  0.108678E-17  0.500000E+01
00022800  0.160315E-13  0.122691E-13  0.120484E-13 -0.242187E-16 -0.203156E-17  0.118240E-17  0.500000E+01
00022900  0.160291E-13  0.122724E-13  0.120424E-13 -0.258099E-16 -0.225724E-17  0.127881E-17  0.500000E+01
00023000  0.160223E-13  0.122737E-13  0.120346E-13 -0.274475E-16 -0.250745E-17  0.138099E-17  0.500000E+01
00023100  0.160104E-13  0.122729E-13  0.120254E-13 -0.294706E-16 -0.275915E-17  0.147693E-17  0.500000E+01
00023200  0.159916E-13  0.122721E-13  0.120170E-13 -0.316757E-16 -0.299259E-17  0.156316E-17  0.500000E+01
00023300  0.159686E-13  0.122723E-13  0.120103E-13 -0.338002E-16 -0.321314E-17  0.164173E-17  0.500000E+01
00023400  0.159431E-13  0.122743E-13  0.120059E-13 -0.361768E-16 -0.344447E-17  0.172216E-17  0.500000E+01
00023500  0.159152E-13  0.122781E-13  0.120040E-13 -0.387346E-16 -0.371322E-17  0.181266E-17  0.500000E+01
00023600  0.158862E-13  0.122834E-13  0.120040E-13 -0.417368E-16 -0.403744E-17  0.191107E-17  0.500000E+01
00023700  0.158555E-13  0.122900E-13  0.120059E-13 -0.451518E-16 -0.435124E-17  0.199497E-17  0.500000E+01
00023800  0.158217E-13  0.122948E-13  0.120074E-13 -0.487477E-16 -0.467576E-17  0.205478E-17  0.500000E+01
00023900  0.157831E-13  0.122962E-13  0.120070E-13 -0.526452E-16 -0.504037E-17  0.207609E-17  0.500000E+01
00024000  0.157402E-13  0.122942E-13  0.120047E-13 -0.567327E-16 -0.546967E-17  0.208270E-17  0.500000E+01
00024100  0.156939E-13  0.122923E-13  0.120030E-13 -0.609975E-16 -0.590038E-17  0.206239E-17  0.500000E+01
00024200  0.156442E-13  0.122920E-13  0.120036E-13 -0.652012E-16 -0.632313E-17  0.201915E-17  0.500000E+01
00024300  0.155930E-13  0.122933E-13  0.120063E-13 -0.693806E-16 -0.678088E-17  0.195473E-17  0.500000E+01
00024400  0.155414E-13  0.122955E-13  0.120103E-13 -0.737154E-16 -0.736814E-17  0.185853E-17  0.500000E+01
00024500  0.154890E-13  0.122981E-13  0.120146E-13 -0.782644E-16 -0.792732E-17  0.171370E-17  0.500000E+01
00024600  0.154342E-13  0.122999E-13  0.120185E-13 -0.832184E-16 -0.860525E-17  0.151864E-17  0.500000E+01
00024700  0.153774E-13  0.123012E-13  0.120221E-13 -0.882013E-16 -0.948057E-17  0.130827E-17  0.500000E+01
00024800  0.153179E-13  0.123032E-13  0.120263E-13 -0.932326E-16 -0.101885E-16  0.108537E-17  0.500000E+01
00024900  0.152557E-13  0.123077E-13  0.120338E-13 -0.986427E-16 -0.108245E-16  0.838160E-18  0.500000E+01
00025000  0.151917E-13  0.123136E-13  0.120437E-13 -0.103871E-15 -0.114848E-16  0.573592E-18  0.500000E+01
00025100  0.151272E-13  0.123201E-13  0.120554E-13 -0.108641E-15 -0.121714E-16  0.282852E-18  0.500000E+01
00025200  0.150631E-13  0.123264E-13  0.120674E-13 -0.113295E-15 -0.128687E-16 -0.148665E-19  0.500000E+01
00025300  0.149982E-13  0.123324E-13  0.120794E-13 -0.117677E-15 -0.135064E-16 -0.276575E-18  0.500000E+01
00025400  0.149321E-13  0.123373E-13  0.120906E-13 -0.121599E-15 -0.140190E-16 -0.524683E-18  0.500000E+01
00025500  0.148650E-13  0.123418E-13  0.121017E-13 -0.125451E-15 -0.144302E-16 -0.808230E-18  0.500000E+01
00025600  0.147982E-13  0.123481E-13  0.121150E-13 -0.129244E-15 -0.148703E-16 -0.113292E-17  0.500000E+01
00025700  0.147327E-13  0.123562E-13  0.121303E-13 -0.133096E-15 -0.154137E-16 -0.151629E-17  0.500000E+01
00025800  0.146686E-13  0.123659E-13  0.121470E-13 -0.137279E-15 -0.159220E-16 -0.190913E-17  0.500000E+01
00025900  0.146056E-13  0.123758E-13  0.121645E-13 -0.141486E-15 -0.163332E-16 -0.235510E-17  0.500000E+01
00026000  0.145432E-13  0.123846E-13  0.121815E-13 -0.144913E-15 -0.168314E-16 -0.274565E-17  0.500000E+01
00026100  0.144814E-13  0.123924E-13  0.121977E-13 -0.148067E-15 -0.172530E-16 -0.312095E-17  0.500000E+01
00026200  0.144196E-13  0.123997E-13  0.122134E-13 -0.151635E-15 -0.176106E-16 -0.350226E-17  0.500000E+01
00026300  0.143579E-13  0.124084E-13  0.122309E-13 -0.155320E-15 -0.179771E-16 -0.387200E-17  0.500000E+01
00026400  0.142985E-13  0.124186E-13  0.122496E-13 -0.158547E-15 -0.185260E-16 -0.431158E-17  0.500000E+01
00026500  0.142419E-13  0.124295E-13  0.122692E-13 -0.161331E-15 -0.189852E-16 -0.476335E-17  0.500000E+01
00026600  0.141878E-13  0.124413E-13  0.122898E-13 -0.164725E-15 -0.195579E-16 -0.521110E-17  0.500000E+01
00026700  0.141360E-13  0.124540E-13  0.123105E-13 -0.168249E-15 -0.201378E-16 -0.558055E-17  0.500000E+01
00026800  0.140861E-13  0.124660E-13  0.123306E-13 -0.170980E-15 -0.206583E-16 -0.582018E-17  0.500000E+01
00026900  0.140383E-13  0.124773E-13  0.123500E-13 -0.173062E-15 -0.212060E-16 -0.599475E-17  0.500000E+01
00027000  0.139923E-13  0.124879E-13  0.123688E-13 -0.175029E-15 -0.215848E-16 -0.625273E-17  0.500000E+01
00027100  0.139482E-13  0.124984E-13  0.123877E-13 -0.176733E-15 -0.219751E-16 -0.651200E-17  0.500000E+01
00027200  0.139056E-13  0.125109E-13  0.124079E-13 -0.177789E-15 -0.224074E-16 -0.666658E-17  0.500000E+01
00027300  0.138651E-13  0.125243E-13  0.124280E-13 -0.178860E-15 -0.226022E-16 -0.672654E-17  0.500000E+01
00027400  0.138270E-13  0.125379E-13  0.124481E-13 -0.180120E-15 -0.227588E-16 -0.676724E-17  0.500000E+01
00027500  0.137923E-13  0.125517E-13  0.124682E-13 -0.181343E-15 -0.228409E-16 -0.683991E-17  0.500000E+01
00027600  0.137619E-13  0.125651E-13  0.124882E-13 -0.182358E-15 -0.230961E-16 -0.697074E-17  0.500000E+01
00027700  0.137361E-13  0.125778E-13  0.125080E-13 -0.182924E-15 -0.234589E-16 -0.697639E-17  0.500000E+01
00027800  0.137146E-13  0.125893E-13  0.125273E-13 -0.183825E-15 -0.237828E-16 -0.704298E-17  0.500000E+01
00027900  0.136963E-13  0.125994E-13  0.125457E-13 -0.184215E-15 -0.240537E-16 -0.722532E-17  0.500000E+01
00028000  0.136804E-13  0.126085E-13  0.125626E-13 -0.183472E-15 -0.245236E-16 -0.751668E-17  0.500000E+01
00028100  0.136658E-13  0.126162E-13  0.125777E-13 -0.183095E-15 -0.247403E-16 -0.770600E-17  0.500000E+01
00028200  0.136522E-13  0.126236E-13  0.125929E-13 -0.182955E-15 -0.251334E-16 -0.762672E-17  0.500000E+01
00028300  0.136403E-13  0.126311E-13  0.126080E-13 -0.182639E-15 -0.254522E-16 -0.754027E-17  0.500000E+01
00028400  0.136302E-13  0.126382E-13  0.126225E-13 -0.182322E-15 -0.258601E-16 -0.752862E-17  0.500000E+01
00028500  0.136230E-13  0.126443E-13  0.126365E-13 -0.181517E-15 -0.264054E-16 -0.772015E-17  0.500000E+01
00028600  0.136198E-13  0.126491E-13  0.126500E-13 -0.180325E-15 -0.270086E-16 -0.817238E-17  0.500000E+01
00028700  0.136212E-13  0.126529E-13  0.126625E-13 -0.178668E-15 -0.275868E-16 -0.869651E-17  0.500000E+01
00028800  0.136269E-13  0.126554E-13  0.126732E-13 -0.176713E-15 -0.278680E-16 -0.914672E-17  0.500000E+01
00028900  0.136360E-13  0.126552E-13  0.126829E-13 -0.174809E-15 -0.282818E-16 -0.954755E-17  0.500000E+01
00029000  0.136480E-13  0.126527E-13  0.126903E-13 -0.172813E-15 -0.290222E-16 -0.100096E-16  0.500000E+01
00029100  0.136618E-13  0.126475E-13  0.126947E-13 -0.170615E-15 -0.297466E-16 -0.105488E-16  0.500000E+01
00029200  0.136763E-13  0.126419E-13  0.126978E-13 -0.168207E-15 -0.305287E-16 -0.112493E-16  0.500000E+01
00029300  0.136914E-13  0.126355E-13  0.127002E-13 -0.165411E-15 -0.311904E-16 -0.120769E-16  0.500000E+01
00029400  0.137073E-13  0.126272E-13  0.127021E-13 -0.162447E-15 -0.315025E-16 -0.129256E-16  0.500000E+01
00029500  0.137257E-13  0.126175E-13  0.127033E-13 -0.159176E-15 -0.318238E-16 -0.136809E-16  0.500000E+01
00029600  0.137475E-13  0.126069E-13  0.127034E-13 -0.155387E-15 -0.322804E-16 -0.145581E-16  0.500000E+01
00029700  0.137746E-13  0.125953E-13  0.127020E-13 -0.151774E-15 -0.324782E-16 -0.155930E-16  0.500000E+01
00029800  0.138065E-13  0.125825E-13  0.127002E-13 -0.148151E-15 -0.327403E-16 -0.167009E-16  0.500000E+01
00029900  0.138417E-13  0.125684E-13  0.126970E-13 -0.143640E-15 -0.328328E-16 -0.177954E-16  0.500000E+01
00030000  0.138795E-13  0.125525E-13  0.126912E-13 -0.138687E-15 -0.331413E-16 -0.188717E-16  0.500000E+01
00030100  0.139188E-13  0.125324E-13  0.126803E-13 -0.133688E-15 -0.334262E-16 -0.199510E-16  0.500000E+01
00030200  0.139582E-13  0.125091E-13  0.126665E-13 -0.128277E-15 -0.335532E-16 -0.209330E-16  0.500000E+01
00030300  0.139979E-13  0.124852E-13  0.126533E-13 -0.122434E-15 -0.333397E-16 -0.218366E-16  0.500000E+01
00030400  0.140382E-13  0.124621E-13  0.126414E-13 -0.116701E-15 -0.333888E-16 -0.228264E-16  0.500000E+01
00030500  0.140805E-13  0.124414E-13  0.126302E-13 -0.111055E-15 -0.338872E-16 -0.237924E-16  0.500000E+01
00030600  0.141271E-13  0.124223E-13  0.126196E-13 -0.105072E-15 -0.337717E-16 -0.247034E-16  0.500000E+01
00030700  0.141791E-13  0.124030E-13  0.126087E-13 -0.985731E-16 -0.335394E-16 -0.255519E-16  0.500000E+01
00030800  0.142378E-13  0.123827E-13  0.125969E-13 -0.917280E-16 -0.332724E-16 -0.262177E-16  0.500000E+01
00030900  0.143023E-13  0.123617E-13  0.125826E-13 -0.845191E-16 -0.335627E-16 -0.268710E-16  0.500000E+01
00031000  0.143716E-13  0.123396E-13  0.125656E-13 -0.767614E-16 -0.334592E-16 -0.274395E-16  0.500000E+01
00031100  0.144437E-13  0.123151E-13  0.125464E-13 -0.678105E-16 -0.332213E-16 -0.280309E-16  0.500000E+01
00031200  0.145166E-13  0.122894E-13  0.125256E-13 -0.583399E-16 -0.329853E-16 -0.287876E-16  0.500000E+01
00031300  0.145894E-13  0.122659E-13  0.125062E-13 -0.480127E-16 -0.324021E-16 -0.294318E-16  0.500000E+01
00031400  0.146629E-13  0.122437E-13  0.124867E-13 -0.382626E-16 -0.321304E-16 -0.299503E-16  0.500000E+01
00031500  0.147374E-13  0.122226E-13  0.124682E-13 -0.287811E-16 -0.314942E-16 -0.302392E-16  0.500000E+01
00031600  0.148149E-13  0.122023E-13  0.124502E-13 -0.186242E-16 -0.307601E-16 -0.301783E-16  0.500000E+01
00031700  0.148981E-13  0.121846E-13  0.124328E-13 -0.756923E-17 -0.298435E-16 -0.300191E-16  0.500000E+01
00031800  0.149897E-13  0.121711E-13  0.124185E-13  0.351896E-17 -0.283669E-16 -0.298488E-16  0.500000E+01
00031900  0.150917E-13  0.121617E-13  0.124090E-13  0.147708E-16 -0.273116E-16 -0.295890E-16  0.500000E+01
00032000  0.152037E-13  0.121534E-13  0.124006E-13  0.267220E-16 -0.261879E-16 -0.292534E-16  0.500000E+01
00032100  0.153245E-13  0.121450E-13  0.123922E-13  0.389025E-16 -0.242169E-16 -0.287387E-16  0.500000E+01
00032200  0.154534E-13  0.121352E-13  0.123821E-13  0.510876E-16 -0.219412E-16 -0.282111E-16  0.500000E+01
00032300  0.155890E-13  0.121237E-13  0.123699E-13  0.639641E-16 -0.202492E-16 -0.275483E-16  0.500000E+01
00032400  0.157281E-13  0.121154E-13  0.123603E-13  0.770504E-16 -0.177136E-16 -0.267256E-16  0.500000E+01
00032500  0.158681E-13  0.121081E-13  0.123511E-13  0.896312E-16 -0.155123E-16 -0.257557E-16  0.500000E+01
00032600  0.160105E-13  0.121031E-13  0.123434E-13  0.102380E-15 -0.134589E-16 -0.244800E-16  0.500000E+01
00032700  0.161575E-13  0.121015E-13  0.123395E-13  0.115434E-15 -0.111036E-16 -0.229012E-16  0.500000E+01
00032800  0.163074E-13  0.121038E-13  0.123401E-13  0.128090E-15 -0.847022E-17 -0.209799E-16  0.500000E+01
00032900  0.164586E-13  0.121091E-13  0.123438E-13  0.139784E-15 -0.633088E-17 -0.190135E-16  0.500000E+01
00033000  0.166122E-13  0.121171E-13  0.123494E-13  0.151938E-15 -0.393133E-17 -0.167708E-16  0.500000E+01
00033100  0.167730E-13  0.121268E-13  0.123573E-13  0.163668E-15 -0.750157E-18 -0.144818E-16  0.500000E+01
00033200  0.169417E-13  0.121395E-13  0.123674E-13  0.174943E-15  0.269318E-17 -0.124494E-16  0.500000E+01
00033300  0.171191E-13  0.121578E-13  0.123804E-13  0.186104E-15  0.629508E-17 -0.100961E-16  0.500000E+01
00033400  0.173066E-13  0.121827E-13  0.123986E-13  0.196417E-15  0.992965E-17 -0.782678E-17  0.500000E+01
00033500  0.175040E-13  0.122154E-13  0.124240E-13  0.206302E-15  0.132223E-16 -0.558201E-17  0.500000E+01
00033600  0.177125E-13  0.122545E-13  0.124549E-13  0.216929E-15  0.168041E-16 -0.328980E-17  0.500000E+01
00033700  0.179339E-13  0.122985E-13  0.124900E-13  0.226881E-15  0.207182E-16 -0.146367E-17  0.500000E+01
00033800  0.181728E-13  0.123491E-13  0.125313E-13  0.235755E-15  0.241010E-16  0.253567E-18  0.500000E+01
00033900  0.184324E-13  0.124085E-13  0.125798E-13  0.244868E-15  0.279553E-16  0.207716E-17  0.500000E+01
00034000  0.187134E-13  0.124761E-13  0.126390E-13  0.252575E-15  0.319619E-16  0.340628E-17  0.500000E+01
00034100  0.190136E-13  0.125532E-13  0.127079E-13  0.258290E-15  0.363466E-16  0.453718E-17  0.500000E+01
00034200  0.193359E-13  0.126465E-13  0.127845E-13  0.263097E-15  0.415049E-16  0.576802E-17  0.500000E+01
00034300  0.196784E-13  0.127515E-13  0.128713E-13  0.267260E-15  0.470278E-16  0.735006E-17  0.500000E+01
00034400  0.200349E-13  0.128641E-13  0.129656E-13  0.270849E-15  0.525503E-16  0.922412E-17  0.500000E+01
00034500  0.204039E-13  0.129837E-13  0.130666E-13  0.273526E-15  0.578819E-16  0.108183E-16  0.500000E+01
00034600  0.207842E-13  0.131099E-13  0.131720E-13  0.273873E-15  0.631338E-16  0.132140E-16  0.500000E+01
00034700  0.211740E-13  0.132406E-13  0.132818E-13  0.272136E-15  0.679240E-16  0.161486E-16  0.500000E+01
00034800  0.215757E-13  0.133778E-13  0.133978E-13  0.268305E-15  0.736240E-16  0.192869E-16  0.500000E+01
00034900  0.219864E-13  0.135203E-13  0.135199E-13  0.263578E-15  0.779306E-16  0.232614E-16  0.500000E+01
00035000  0.224068E-13  0.136691E-13  0.136477E-13  0.258510E-15  0.798914E-16  0.273287E-16  0.500000E+01
00035100  0.228342E-13  0.138208E-13  0.137802E-13  0.251696E-15  0.806639E-16  0.316764E-16  0.500000E+01
00035200  0.232653E-13  0.139750E-13  0.139138E-13  0.242642E-15  0.813102E-16  0.355475E-16  0.500000E+01
00035300  0.236982E-13  0.141305E-13  0.140478E-13  0.231816E-15  0.814893E-16  0.398756E-16  0.500000E+01
00035400  0.241335E-13  0.142877E-13  0.141827E-13  0.218307E-15  0.805068E-16  0.446376E-16  0.500000E+01
00035500  0.245685E-13  0.144449E-13  0.143170E-13  0.201881E-15  0.779889E-16  0.497251E-16  0.500000E+01
00035600  0.250033E-13  0.146025E-13  0.144511E-13  0.183947E-15  0.731140E-16  0.547247E-16  0.500000E+01
00035700  0.254314E-13  0.147562E-13  0.145836E-13  0.166304E-15  0.664196E-16  0.595826E-16  0.500000E+01
00035800  0.258502E-13  0.149052E-13  0.147131E-13  0.149786E-15  0.586987E-16  0.648643E-16  0.500000E+01
00035900  0.262564E-13  0.150506E-13  0.148385E-13  0.133982E-15  0.503635E-16  0.709861E-16  0.500000E+01
00036000  0.266488E-13  0.151955E-13  0.149620E-13  0.118752E-15  0.412528E-16  0.775493E-16  0.500000E+01
00036100  0.270273E-13  0.153362E-13  0.150791E-13  0.104574E-15  0.318032E-16  0.840682E-16  0.500000E+01
00036200  0.273936E-13  0.154726E-13  0.151896E-13  0.915819E-16  0.223453E-16  0.905176E-16  0.500000E+01
00036300  0.277461E-13  0.156044E-13  0.152945E-13  0.791137E-16  0.131092E-16  0.968895E-16  0.500000E+01
00036400  0.280850E-13  0.157328E-13  0.153951E-13  0.667259E-16  0.451294E-17  0.103281E-15  0.500000E+01
00036500  0.284043E-13  0.158580E-13  0.154900E-13  0.550330E-16 -0.421439E-17  0.110139E-15  0.500000E+01
