 # 1: time 2: shear_y 3: <u> 4: f_x 5: f_y  6: f_z 7: <rho> 8: <p> 9: <mom>^n  10: <mom>^(n+1) 11: <C> 12: x_center_of_mass  13: u^2 C=1  14: u^2 C=0 15: ymom1 or Ek1 16: y_mom2 or Ek2 or vmax 17: turbulence stat 18: <p_infl>  19: <p_outfl> 20: Area 21: Ep1 22: Ep2 23: Enstrophy1  24: Enstrophy2 25: R2_frac 26: Vof_flag2 27: dpdx  28: du/dt 29: time_since_restart
  0.000000E+00  1.538333E-02  1.562500E-01  0.000000E+00  0.000000E+00  0.000000E+00  9.332485E+00  0.000000E+00  1.839063E-01  0.000000E+00  8.193231E-03  4.915939E-05  0.000000E+00  9.930937E-07  0.000000E+00  0.000000E+00  0.000000E+00  0.000000E+00  0.000000E+00  2.003062E+02  0.000000E+00  0.000000E+00  0.000000E+00  0.000000E+00  0.000000E+00  2.960000E+02  0.000000E+00  1.839063E+05  3.767117E-02
  1.000000E-04  5.008083E-01  5.000034E+00 -9.119086E+01  0.000000E+00  0.000000E+00  9.332485E+00  1.052687E-01  6.070018E+00  0.000000E+00  8.193232E-03  4.916974E-05  2.604173E-07  2.634094E-05  8.381056E-08  1.950003E-08  0.000000E+00  1.559571E+00  1.643275E-01  2.013211E+02  0.000000E+00  0.000000E+00  1.029923E-01  8.891090E-01  0.000000E+00  2.840000E+02  0.000000E+00  6.070018E+06  9.120160E-01
  2.000000E-04  5.008043E-01  5.000002E+00 -9.119086E+01  0.000000E+00  0.000000E+00  9.332486E+00 -1.031800E-01  6.131805E+00  0.000000E+00  8.193232E-03  4.917909E-05  3.881010E-07  2.646657E-05  1.529816E-07  6.968018E-08  0.000000E+00  1.628980E+00  7.923797E-02  2.036159E+02  0.000000E+00  0.000000E+00  9.202046E-02  8.527199E-01  0.000000E+00  2.840000E+02  0.000000E+00  6.131805E+06  1.340742E+00
  3.000000E-04  5.007983E-01  5.000000E+00 -9.119086E+01  0.000000E+00  0.000000E+00  9.332486E+00 -2.056160E-01  6.210020E+00  0.000000E+00  8.193232E-03  4.918789E-05  5.707133E-07  2.665972E-05  2.423786E-07  1.339495E-07  0.000000E+00  1.608267E+00  6.478122E-02  2.068670E+02  0.000000E+00  0.000000E+00  8.206850E-02  8.334338E-01  0.000000E+00  3.080000E+02  0.000000E+00  6.210020E+06  1.763943E+00
  4.000000E-04  5.007844E-01  4.999999E+00 -9.119086E+01  0.000000E+00  0.000000E+00  9.332486E+00 -2.782986E-01  6.317974E+00  0.000000E+00  8.193232E-03  4.919965E-05  7.740965E-07  2.694744E-05  3.375914E-07  1.962002E-07  0.000000E+00  1.597867E+00  9.957787E-02  2.123008E+02  0.000000E+00  0.000000E+00  7.628702E-02  8.247373E-01  0.000000E+00  3.240000E+02  0.000000E+00  6.317974E+06  2.199273E+00
  5.000000E-04  5.007813E-01  4.999998E+00 -9.119086E+01  0.000000E+00  0.000000E+00  9.332486E+00 -3.224981E-01  6.488174E+00  0.000000E+00  8.193232E-03  4.922163E-05  9.646190E-07  2.738207E-05  4.217692E-07  2.422166E-07  0.000000E+00  1.650171E+00  1.937273E-01  2.197714E+02  0.000000E+00  0.000000E+00  7.535470E-02  8.227387E-01  0.000000E+00  3.240000E+02  0.000000E+00  6.488174E+06  2.633256E+00
  6.000000E-04  5.007970E-01  4.999999E+00 -9.119086E+01  0.000000E+00  0.000000E+00  9.332486E+00 -3.588652E-01  6.654391E+00  0.000000E+00  8.193232E-03  4.926089E-05  1.179871E-06  2.771623E-05  4.926525E-07  2.508342E-07  0.000000E+00  1.695074E+00  3.243190E-01  2.286728E+02  0.000000E+00  0.000000E+00  7.922198E-02  8.264012E-01  0.000000E+00  3.360000E+02  0.000000E+00  6.654391E+06  3.070484E+00
  7.000000E-04  5.008303E-01  4.999997E+00 -9.119086E+01  0.000000E+00  0.000000E+00  9.332486E+00 -4.655666E-01  6.757941E+00  0.000000E+00  8.193232E-03  4.931692E-05  1.474738E-06  2.787515E-05  5.717924E-07  1.966642E-07  0.000000E+00  1.769304E+00  2.572285E-01  2.346592E+02  0.000000E+00  0.000000E+00  8.701783E-02  8.348622E-01  0.000000E+00  3.560000E+02  0.000000E+00  6.757941E+06  3.507770E+00
  8.000000E-04  5.008917E-01  4.999999E+00 -9.119086E+01  0.000000E+00  0.000000E+00  9.332486E+00 -5.441986E-01  6.901239E+00  0.000000E+00  8.193232E-03  4.938787E-05  1.867492E-06  2.807192E-05  6.303300E-07  1.217219E-07  0.000000E+00  1.807030E+00 -1.757320E-01  2.414331E+02  0.000000E+00  0.000000E+00  9.733731E-02  8.479412E-01  0.000000E+00  3.600000E+02  0.000000E+00  6.901239E+06  3.948118E+00
  9.000000E-04  5.009313E-01  4.999998E+00 -9.119086E+01  0.000000E+00  0.000000E+00  9.332486E+00 -5.348624E-01  7.133514E+00  0.000000E+00  8.193232E-03  4.946978E-05  2.298607E-06  2.829300E-05  6.335446E-07  9.931898E-08  0.000000E+00  1.768731E+00 -9.768752E-01  2.435826E+02  0.000000E+00  0.000000E+00  1.114532E-01  8.616050E-01  0.000000E+00  3.680000E+02  0.000000E+00  7.133514E+06  4.384631E+00
  1.000000E-03  5.009569E-01  4.999998E+00 -9.119086E+01  0.000000E+00  0.000000E+00  9.332485E+00 -5.934167E-01  7.423238E+00  0.000000E+00  8.193232E-03  4.957529E-05  2.755710E-06  2.857733E-05  5.974510E-07  1.098111E-07  0.000000E+00  1.825992E+00 -2.037094E+00  2.533181E+02  0.000000E+00  0.000000E+00  1.290215E-01  8.748814E-01  0.000000E+00  3.720000E+02  0.000000E+00  7.423238E+06  4.820555E+00
  1.100000E-03  5.009879E-01  4.999997E+00 -9.119086E+01  0.000000E+00  0.000000E+00  9.332485E+00 -6.915324E-01  7.719015E+00  0.000000E+00  8.193232E-03  4.971404E-05  3.184663E-06  2.900982E-05  5.557088E-07  1.025281E-07  0.000000E+00  1.894476E+00 -3.155299E+00  2.655635E+02  0.000000E+00  0.000000E+00  1.477084E-01  8.854062E-01  0.000000E+00  3.840000E+02  0.000000E+00  7.719015E+06  5.254816E+00
  1.200000E-03  5.010523E-01  4.999999E+00 -9.119086E+01  0.000000E+00  0.000000E+00  9.332485E+00 -8.600843E-01  8.036301E+00  0.000000E+00  8.193232E-03  4.987650E-05  3.526637E-06  2.995786E-05  4.957685E-07  9.857178E-08  0.000000E+00  2.003533E+00 -4.201774E+00  2.766853E+02  0.000000E+00  0.000000E+00  1.643664E-01  8.900300E-01  0.000000E+00  4.160000E+02  0.000000E+00  8.036301E+06  5.690584E+00
  1.300000E-03  5.011713E-01  4.999999E+00 -9.119086E+01  0.000000E+00  0.000000E+00  9.332485E+00 -1.151782E+00  8.452542E+00  0.000000E+00  8.193232E-03  5.004911E-05  4.003901E-06  3.155965E-05  4.419659E-07  9.083279E-08  0.000000E+00  2.118624E+00 -5.108783E+00  2.962478E+02  0.000000E+00  0.000000E+00  1.772156E-01  8.965340E-01  0.000000E+00  4.040000E+02  0.000000E+00  8.452542E+06  6.128891E+00
  1.400000E-03  5.013392E-01  4.999995E+00 -9.119086E+01  0.000000E+00 -3.954773E-14  9.332485E+00 -1.527868E+00  8.953807E+00  0.000000E+00  8.193232E-03  5.026642E-05  5.037774E-06  3.275383E-05  4.669656E-07 -6.240949E-09  0.000000E+00  2.205651E+00 -5.876853E+00  3.142920E+02  0.000000E+00  0.000000E+00  1.880320E-01  9.047783E-01  0.000000E+00  4.680000E+02  0.000000E+00  8.953807E+06  6.569181E+00
  1.500000E-03  5.015142E-01  4.999998E+00 -9.119086E+01  1.318258E-14 -1.318258E-14  9.332485E+00 -1.843712E+00  9.436809E+00  0.000000E+00  8.193232E-03  5.052144E-05  6.435924E-06  3.303362E-05  4.476924E-07 -7.186415E-08  0.000000E+00  2.190703E+00 -6.520628E+00  3.262424E+02  0.000000E+00  0.000000E+00  2.035368E-01  9.109389E-01  0.000000E+00  4.840000E+02  0.000000E+00  9.436809E+06  7.013380E+00
  1.600000E-03  5.016730E-01  4.999997E+00 -9.119086E+01  1.318258E-14 -1.318258E-14  9.332485E+00 -1.975581E+00  9.800671E+00  0.000000E+00  8.193232E-03  5.080596E-05  7.321402E-06  3.346769E-05  3.996081E-07 -8.906033E-08  0.000000E+00  2.169714E+00 -7.152328E+00  3.401952E+02  0.000000E+00  0.000000E+00  2.192971E-01  9.182269E-01  0.000000E+00  5.120000E+02  0.000000E+00  9.800671E+06  7.456051E+00
  1.700000E-03  5.018975E-01  4.999996E+00 -9.119086E+01  1.318258E-14  0.000000E+00  9.332486E+00 -2.504164E+00  1.019905E+01  0.000000E+00  8.193232E-03  5.112350E-05  8.465296E-06  3.407833E-05  4.658224E-07 -1.144217E-07  0.000000E+00  2.249709E+00 -7.956700E+00  3.473925E+02  0.000000E+00  0.000000E+00  2.311469E-01  9.288397E-01  0.000000E+00  5.440000E+02  0.000000E+00  1.019905E+07  7.904402E+00
  1.800000E-03  5.022471E-01  4.999995E+00 -9.119086E+01  1.318258E-14 -1.318258E-14  9.332486E+00 -3.187905E+00  1.068694E+01  0.000000E+00  8.193232E-03  5.147079E-05  1.009349E-05  3.447816E-05  5.492807E-07 -6.032512E-08  0.000000E+00  2.438179E+00 -8.824235E+00  3.590708E+02  0.000000E+00  0.000000E+00  2.452523E-01  9.381727E-01  0.000000E+00  5.680000E+02  0.000000E+00  1.068694E+07  8.353042E+00
  1.900000E-03  5.028092E-01  4.999988E+00 -9.119086E+01 -1.318258E-14 -3.954773E-14  9.332486E+00 -3.218902E+00  1.129546E+01  0.000000E+00  8.193232E-03  5.186050E-05  1.099902E-05  3.610747E-05  5.091212E-07  6.272167E-08  0.000000E+00  2.725133E+00 -9.605460E+00  3.853097E+02  0.000000E+00  0.000000E+00  2.705257E-01  9.689130E-01  0.000000E+00  5.760000E+02  0.000000E+00  1.129546E+07  8.814430E+00
  2.000000E-03  5.038094E-01  4.999967E+00 -9.119086E+01  0.000000E+00 -2.636515E-14  9.332485E+00 -2.907227E+00  1.165468E+01  0.000000E+00  8.193232E-03  5.230358E-05  1.240751E-05  3.899629E-05  4.500892E-07  4.950262E-08  0.000000E+00  3.490984E+00 -1.063370E+01  4.136552E+02  0.000000E+00  0.000000E+00  3.229682E-01  1.121815E+00  0.000000E+00  5.640000E+02  0.000000E+00  1.165468E+07  9.278882E+00
  2.100000E-03  5.058964E-01  4.999893E+00 -9.119085E+01  0.000000E+00 -2.636515E-14  9.332484E+00 -1.830691E+00  1.131013E+01  0.000000E+00  8.193231E-03  5.273989E-05  1.620703E-05  4.291185E-05  2.012683E-07  1.900375E-08  0.000000E+00  5.487838E+00 -1.249850E+01  4.382570E+02  0.000000E+00  0.000000E+00  4.627605E-01  1.623139E+00  0.000000E+00  6.200000E+02  0.000000E+00  1.131013E+07  9.737271E+00
  2.200000E-03  5.127734E-01  4.999857E+00 -9.119084E+01 -1.318257E-14 -6.591287E-14  9.332483E+00  4.021311E-01  9.441017E+00  0.000000E+00  8.193230E-03  5.318865E-05  3.039787E-05  7.169790E-05 -3.503634E-07 -1.880844E-07  0.000000E+00  1.724894E+01 -2.224149E+01  4.584437E+02  0.000000E+00  0.000000E+00  1.330897E+00  5.474839E+00  0.000000E+00  6.640000E+02  0.000000E+00  9.441017E+06  1.026621E+01
  2.300000E-03  5.122786E-01  4.999859E+00 -9.119084E+01 -1.318257E-14 -3.954772E-14  9.332484E+00  7.155665E+00  6.927795E+00  0.000000E+00  8.193230E-03  5.348792E-05  4.557114E-05  7.362260E-05 -3.175723E-06 -9.615885E-07  0.000000E+00  9.743952E-01 -6.706354E-01  4.898052E+02  0.000000E+00  0.000000E+00  7.459567E-01  7.754514E+00  0.000000E+00  8.040000E+02  0.000000E+00  6.927795E+06  1.102595E+01
  2.400000E-03  5.104025E-01  4.999869E+00 -9.119086E+01 -2.636515E-14 -3.954773E-14  9.332486E+00  1.083197E+00  8.401301E+00  0.000000E+00  8.193232E-03  5.377629E-05  4.594151E-05  6.820708E-05 -1.909170E-06 -7.629543E-07  0.000000E+00  5.342015E+00 -7.798560E+00  5.159654E+02  0.000000E+00  0.000000E+00  5.583375E-01  6.821429E+00  0.000000E+00  8.800000E+02  0.000000E+00  8.401301E+06  1.155188E+01
  2.500000E-03  5.119295E-01  4.999859E+00 -9.119087E+01  1.318258E-14  0.000000E+00  9.332486E+00  5.128665E-01  8.622913E+00  0.000000E+00  8.193232E-03  5.418078E-05  5.042263E-05  6.934246E-05 -2.145564E-06 -6.076776E-07  0.000000E+00  9.277654E+00 -1.065159E+01  5.386730E+02  0.000000E+00  0.000000E+00  5.424447E-01  7.643492E+00  0.000000E+00  1.004000E+03  0.000000E+00  8.622913E+06  1.208303E+01
  2.600000E-03  5.151612E-01  5.000034E+00 -9.119086E+01 -6.591289E-14 -2.636516E-14  9.332486E+00 -3.904505E-01  7.873286E+00  0.000000E+00  8.193232E-03  5.454927E-05  5.602865E-05  7.615238E-05 -2.537930E-06 -5.327204E-07  0.000000E+00  1.074945E+01 -1.011548E+01  5.719215E+02  0.000000E+00  0.000000E+00  5.523137E-01  8.552191E+00  0.000000E+00  1.132000E+03  0.000000E+00  7.873286E+06  1.261312E+01
  2.700000E-03  5.190491E-01  4.999994E+00 -9.119085E+01 -5.273031E-14  0.000000E+00  9.332485E+00  2.791956E+00  8.083773E+00  0.000000E+00  8.193231E-03  5.486347E-05  5.366194E-05  8.298902E-05 -2.301940E-06 -5.484168E-07  0.000000E+00  1.899252E+01 -1.143952E+01  6.092962E+02  0.000000E+00  0.000000E+00  6.219257E-01  9.551375E+00  0.000000E+00  1.184000E+03  0.000000E+00  8.083773E+06  1.314735E+01
  2.800000E-03  5.261737E-01  5.000122E+00 -9.119085E+01 -9.227803E-14  5.273030E-14  9.332485E+00 -6.392636E-01  9.418647E+00  0.000000E+00  8.193231E-03  5.522574E-05  6.172168E-05  1.026446E-04 -1.825406E-06 -8.664470E-07  0.000000E+00  2.389036E+01 -9.810836E+00  6.485998E+02  0.000000E+00  0.000000E+00  8.060470E-01  1.336486E+01  0.000000E+00  1.304000E+03  0.000000E+00  9.418647E+06  1.376186E+01
  2.900000E-03  5.290237E-01  4.999947E+00 -9.119085E+01 -1.318258E-13  9.227803E-14  9.332484E+00 -1.019634E+00  1.162597E+01  0.000000E+00  8.193231E-03  5.587767E-05  6.575779E-05  1.203689E-04 -1.849665E-06 -1.432724E-06  0.000000E+00  2.917241E+01 -7.837141E+00  6.776097E+02  0.000000E+00  0.000000E+00  7.353309E-01  1.547001E+01  0.000000E+00  1.372000E+03  0.000000E+00  1.162597E+07  1.436459E+01
  3.000000E-03  5.299838E-01  5.000029E+00 -9.119085E+01 -1.713735E-13  1.845561E-13  9.332484E+00 -2.343571E+00  1.449109E+01  0.000000E+00  8.193230E-03  5.683715E-05  6.496194E-05  1.220489E-04 -1.060130E-06 -1.360690E-06  0.000000E+00  1.748644E+01 -5.508141E+00  6.894550E+02  0.000000E+00  0.000000E+00  5.607337E-01  2.101361E+01  0.000000E+00  1.420000E+03  0.000000E+00  1.449109E+07  1.503618E+01
  3.100000E-03  5.274528E-01  4.999842E+00 -9.119084E+01 -4.086598E-13  2.082847E-12  9.332484E+00 -2.445367E+00  1.633242E+01  0.000000E+00  8.193230E-03  5.823670E-05  6.492418E-05  1.041517E-04 -5.070509E-07 -2.881692E-07  0.000000E+00  2.587659E+01 -1.595453E+00  6.776751E+02  0.000000E+00  0.000000E+00  3.438324E-01  2.087903E+01  0.000000E+00  1.390000E+03  0.000000E+00  1.633242E+07  1.567655E+01
  3.200000E-03  5.241880E-01  5.000015E+00 -9.119084E+01 -1.568726E-12  4.877553E-13  9.332484E+00 -3.014612E+00  1.753875E+01  0.000000E+00  8.193230E-03  5.960429E-05  5.980672E-05  1.007711E-04 -2.463011E-07  1.229343E-08  0.000000E+00  1.082816E+02  4.437928E-01  6.996587E+02  0.000000E+00  0.000000E+00  2.319492E-01  1.960977E+01  0.000000E+00  1.382000E+03  0.000000E+00  1.753875E+07  1.628008E+01
  3.300000E-03  5.205569E-01  5.000044E+00 -8.942242E+01  1.607305E-12 -1.620479E-12  9.326882E+00  1.804196E+00  1.938089E+01  0.000000E+00  8.187602E-03  6.107322E-05  5.401749E-05  1.018689E-04 -5.279427E-07 -1.518809E-07  0.000000E+00  1.013262E+04  2.684877E+00  7.250753E+02  0.000000E+00  0.000000E+00  2.336456E-01  1.824290E+01  0.000000E+00  1.398000E+03  0.000000E+00  1.938089E+07  1.684990E+01
