 # 1: time 2: shear_y 3: <u> 4: f_x 5: f_y  6: f_z 7: <rho> 8: <p> 9: <mom>^n  10: <mom>^(n+1) 11: <C> 12: x_center_of_mass  13: u^2 C=1  14: u^2 C=0 15: ymom1 or Ek1 16: y_mom2 or Ek2 or vmax 17: turbulence stat 18: <p_infl>  19: <p_outfl> 20: Area 21: Ep1 22: Ep2 23: Enstrophy1  24: Enstrophy2 25: R2_frac 26: Vof_flag2 27: dpdx  28: du/dt 29: time_since_restart
  0.000000E+00  1.538333E-02  7.812500E-02  0.000000E+00  0.000000E+00  0.000000E+00  9.323523E+00  0.000000E+00  9.195312E-02  0.000000E+00  8.184228E-03  4.910537E-05  0.000000E+00  4.965469E-07  0.000000E+00  0.000000E+00  0.000000E+00  0.000000E+00  0.000000E+00  8.041347E+02  0.000000E+00  0.000000E+00  0.000000E+00  0.000000E+00  0.000000E+00  1.184000E+03  0.000000E+00  9.195312E+04  1.064161E-01
  1.000000E-04  9.981205E-01  4.999975E+00 -9.128337E+01  0.000000E+00  0.000000E+00  9.323526E+00  3.668290E-01  6.046235E+00  0.000000E+00  8.184230E-03  4.911424E-05  2.123859E-07  2.612857E-05  4.628202E-08  2.066698E-08  0.000000E+00  1.508182E+00 -3.952054E-02  8.164175E+02  0.000000E+00  0.000000E+00  1.440995E-01  1.401854E+00  0.000000E+00  1.180000E+03  0.000000E+00  6.046235E+06  8.894781E+00
  2.000000E-04  9.981047E-01  4.999929E+00 -9.128338E+01  0.000000E+00  0.000000E+00  9.323526E+00  2.193171E-01  6.108596E+00  0.000000E+00  8.184231E-03  4.912452E-05  3.060434E-07  2.622602E-05  9.194955E-08  4.475808E-08  0.000000E+00  1.367398E+00  2.123100E-02  8.309439E+02  0.000000E+00  0.000000E+00  1.168332E-01  1.299201E+00  0.000000E+00  1.304000E+03  0.000000E+00  6.108596E+06  1.130854E+01
  3.000000E-04  9.980963E-01  4.999996E+00 -9.128339E+01  0.000000E+00  0.000000E+00  9.323527E+00  6.894061E-02  6.190448E+00  0.000000E+00  8.184232E-03  4.913948E-05  4.403552E-07  2.637635E-05  1.489199E-07  6.285860E-08  0.000000E+00  1.326674E+00  1.642371E-02  8.501852E+02  0.000000E+00  0.000000E+00  1.103060E-01  1.242264E+00  0.000000E+00  1.344000E+03  0.000000E+00  6.190448E+06  1.373031E+01
  4.000000E-04  9.980798E-01  5.000019E+00 -9.128339E+01  0.000000E+00  0.000000E+00  9.323528E+00 -1.785345E-02  6.278200E+00  0.000000E+00  8.184232E-03  4.916108E-05  5.963136E-07  2.653173E-05  2.021787E-07  7.993894E-08  0.000000E+00  1.365741E+00 -3.965418E-02  8.724860E+02  0.000000E+00  0.000000E+00  1.153265E-01  1.212046E+00  0.000000E+00  1.344000E+03  0.000000E+00  6.278200E+06  1.614140E+01
  5.000000E-04  9.980659E-01  5.000001E+00 -9.128339E+01  0.000000E+00  0.000000E+00  9.323528E+00 -7.322676E-02  6.354401E+00  0.000000E+00  8.184232E-03  4.918845E-05  7.504266E-07  2.668569E-05  2.393466E-07  9.593531E-08  0.000000E+00  1.390958E+00 -5.992472E-02  8.933825E+02  0.000000E+00  0.000000E+00  1.264085E-01  1.198705E+00  0.000000E+00  1.360000E+03  0.000000E+00  6.354401E+06  1.857462E+01
  6.000000E-04  9.980627E-01  4.999994E+00 -9.128340E+01  0.000000E+00  0.000000E+00  9.323528E+00 -1.547436E-01  6.414316E+00  0.000000E+00  8.184233E-03  4.921975E-05  9.583842E-07  2.683707E-05  2.723135E-07  9.233135E-08  0.000000E+00  1.393477E+00 -2.300786E-02  9.013352E+02  0.000000E+00  0.000000E+00  1.444855E-01  1.194910E+00  0.000000E+00  1.404000E+03  0.000000E+00  6.414316E+06  2.095175E+01
  7.000000E-04  9.980588E-01  4.999996E+00 -9.128340E+01  0.000000E+00  0.000000E+00  9.323528E+00 -3.021077E-01  6.503405E+00  0.000000E+00  8.184233E-03  4.925859E-05  1.275734E-06  2.702568E-05  2.899794E-07  7.560438E-08  0.000000E+00  1.399697E+00  1.081744E-01  9.167021E+02  0.000000E+00  0.000000E+00  1.763744E-01  1.194592E+00  0.000000E+00  1.444000E+03  0.000000E+00  6.503405E+06  2.332355E+01
  8.000000E-04  9.980903E-01  4.999997E+00 -9.128340E+01  0.000000E+00  0.000000E+00  9.323528E+00 -3.534368E-01  6.655235E+00  0.000000E+00  8.184233E-03  4.930676E-05  1.635350E-06  2.734992E-05  2.883224E-07  7.435952E-08  0.000000E+00  1.472192E+00  3.679750E-01  9.600563E+02  0.000000E+00  0.000000E+00  2.101999E-01  1.195850E+00  0.000000E+00  1.440000E+03  0.000000E+00  6.655235E+06  2.569357E+01
  9.000000E-04  9.982024E-01  4.999995E+00 -9.128339E+01  0.000000E+00  0.000000E+00  9.323527E+00 -2.358330E-01  6.841630E+00  0.000000E+00  8.184232E-03  4.937187E-05  2.000991E-06  2.765615E-05  2.577737E-07  6.497714E-08  0.000000E+00  1.571538E+00  5.426861E-01  9.940910E+02  0.000000E+00  0.000000E+00  2.420422E-01  1.189043E+00  0.000000E+00  1.448000E+03  0.000000E+00  6.841630E+06  2.809225E+01
  1.000000E-03  9.983866E-01  4.999991E+00 -9.128338E+01  0.000000E+00  0.000000E+00  9.323526E+00 -2.228149E-01  7.048335E+00  0.000000E+00  8.184231E-03  4.945718E-05  2.412440E-06  2.796463E-05  2.251438E-07  4.545454E-08  0.000000E+00  1.680534E+00  5.691134E-02  1.041096E+03  0.000000E+00  0.000000E+00  2.768364E-01  1.185799E+00  0.000000E+00  1.580000E+03  0.000000E+00  7.048335E+06  3.052285E+01
  1.100000E-03  9.986823E-01  4.999987E+00 -9.128338E+01  0.000000E+00  0.000000E+00  9.323526E+00 -3.401096E-01  7.323969E+00  0.000000E+00  8.184231E-03  4.956850E-05  3.115310E-06  2.835939E-05  2.353194E-07 -1.925127E-09  0.000000E+00  1.806666E+00 -1.106236E+00  1.092098E+03  0.000000E+00  0.000000E+00  3.072014E-01  1.201683E+00  0.000000E+00  1.676000E+03  0.000000E+00  7.323969E+06  3.293006E+01
  1.200000E-03  9.990482E-01  4.999970E+00 -9.128337E+01  3.229092E-07 -5.513943E-07  9.323526E+00 -5.527200E-01  7.618958E+00  0.000000E+00  8.184230E-03  4.970394E-05  4.096532E-06  2.875066E-05  2.614158E-07 -1.555336E-08  0.000000E+00  1.898776E+00 -2.443863E+00  1.136650E+03  0.000000E+00  0.000000E+00  3.525273E-01  1.238017E+00  0.000000E+00  1.808000E+03  0.000000E+00  7.618958E+06  3.533055E+01
  1.300000E-03  9.997826E-01  4.999958E+00 -9.128338E+01  1.121532E-06 -1.218305E-06  9.323526E+00 -9.449138E-01  8.008492E+00  0.000000E+00  8.184231E-03  4.986263E-05  5.485058E-06  2.986181E-05  2.795021E-07  1.343131E-08  0.000000E+00  2.307293E+00 -3.872600E+00  1.242379E+03  0.000000E+00  0.000000E+00  4.247866E-01  1.321052E+00  0.000000E+00  1.844000E+03  0.000000E+00  8.008492E+06  3.772741E+01
  1.400000E-03  1.002153E+00  4.999799E+00 -9.128337E+01  2.308482E-06 -3.273873E-06  9.323525E+00 -8.991279E-01  8.186873E+00  0.000000E+00  8.184230E-03  5.005161E-05  7.831659E-06  3.174276E-05  1.262628E-07  3.313573E-08  0.000000E+00  4.614975E+00 -6.588793E+00  1.368355E+03  0.000000E+00  0.000000E+00  6.342017E-01  2.064205E+00  0.000000E+00  2.057000E+03  0.000000E+00  8.186873E+06  4.037474E+01
  1.500000E-03  1.011811E+00  5.000130E+00 -9.128337E+01 -9.799080E-06 -1.265965E-05  9.323525E+00 -2.458222E+00  7.710406E+00  0.000000E+00  8.184230E-03  5.028392E-05  1.481942E-05  5.332050E-05 -2.271105E-07 -4.767378E-08  0.000000E+00  1.104930E+01 -6.602932E+00  1.508573E+03  0.000000E+00  0.000000E+00  1.940933E+00  1.899921E+01  0.000000E+00  2.488000E+03  0.000000E+00  7.710406E+06  4.457493E+01
