00000000  0.000000E+00  0.000000E+00  0.000000E+00  0.141093E-04  0.201719E-05  0.161265E-04  0.600000E-02  0.600000E-02  0.600000E-02  0.000000E+00
00000100  0.889249E-07  0.518370E-04  0.519259E-04  0.141093E-04  0.201719E-05  0.161265E-04  0.600132E-02  0.600000E-02  0.600000E-02  0.276918E+06
00000200  0.106160E-06  0.518578E-04  0.519639E-04  0.141093E-04  0.201719E-05  0.161265E-04  0.600274E-02  0.600000E-02  0.600000E-02  0.227775E+06
00000300  0.107417E-06  0.518869E-04  0.519943E-04  0.141093E-04  0.201719E-05  0.161265E-04  0.600417E-02  0.600000E-02  0.600000E-02  0.220938E+06
00000400  0.106150E-06  0.519197E-04  0.520258E-04  0.141093E-04  0.201719E-05  0.161265E-04  0.600557E-02  0.600000E-02  0.600000E-02  0.217045E+06
00000500  0.106130E-06  0.519555E-04  0.520616E-04  0.141093E-04  0.201719E-05  0.161265E-04  0.600692E-02  0.600000E-02  0.600000E-02  0.221467E+06
00000600  0.110559E-06  0.519956E-04  0.521062E-04  0.141093E-04  0.201719E-05  0.161265E-04  0.600820E-02  0.600000E-02  0.600000E-02  0.223554E+06
00000700  0.119038E-06  0.520400E-04  0.521590E-04  0.141093E-04  0.201719E-05  0.161265E-04  0.600941E-02  0.600000E-02  0.600000E-02  0.223477E+06
00000800  0.128862E-06  0.520873E-04  0.522162E-04  0.141093E-04  0.201719E-05  0.161265E-04  0.601053E-02  0.600000E-02  0.600000E-02  0.223457E+06
00000900  0.137233E-06  0.521359E-04  0.522731E-04  0.141093E-04  0.201719E-05  0.161265E-04  0.601156E-02  0.600000E-02  0.600000E-02  0.225811E+06
00001000  0.142632E-06  0.521835E-04  0.523261E-04  0.141093E-04  0.201719E-05  0.161265E-04  0.601250E-02  0.600000E-02  0.600000E-02  0.232277E+06
00001100  0.145562E-06  0.522291E-04  0.523746E-04  0.141093E-04  0.201719E-05  0.161265E-04  0.601332E-02  0.600000E-02  0.600000E-02  0.236321E+06
00001200  0.147254E-06  0.522724E-04  0.524196E-04  0.141093E-04  0.201719E-05  0.161265E-04  0.601403E-02  0.600000E-02  0.600000E-02  0.237317E+06
00001300  0.148781E-06  0.523140E-04  0.524628E-04  0.141093E-04  0.201719E-05  0.161265E-04  0.601462E-02  0.600000E-02  0.600000E-02  0.246704E+06
00001400  0.152056E-06  0.523546E-04  0.525066E-04  0.141093E-04  0.201719E-05  0.161265E-04  0.601511E-02  0.600000E-02  0.600000E-02  0.258498E+06
00001500  0.159939E-06  0.523939E-04  0.525539E-04  0.141093E-04  0.201719E-05  0.161265E-04  0.601550E-02  0.600000E-02  0.600000E-02  0.266279E+06
00001600  0.172229E-06  0.524319E-04  0.526041E-04  0.141093E-04  0.201719E-05  0.161265E-04  0.601582E-02  0.600000E-02  0.600000E-02  0.262506E+06
00001700  0.181635E-06  0.524687E-04  0.526504E-04  0.141093E-04  0.201719E-05  0.161265E-04  0.601612E-02  0.600000E-02  0.600000E-02  0.245553E+06
00001800  0.180392E-06  0.525048E-04  0.526852E-04  0.141093E-04  0.201719E-05  0.161265E-04  0.601640E-02  0.600000E-02  0.600000E-02  0.233739E+06
00001900  0.181233E-06  0.525408E-04  0.527220E-04  0.141093E-04  0.201719E-05  0.161265E-04  0.601664E-02  0.600000E-02  0.600000E-02  0.230297E+06
00002000  0.189167E-06  0.525772E-04  0.527663E-04  0.141093E-04  0.201719E-05  0.161265E-04  0.601690E-02  0.600000E-02  0.600000E-02  0.217509E+06
00002100  0.205746E-06  0.526145E-04  0.528202E-04  0.141093E-04  0.201719E-05  0.161265E-04  0.601723E-02  0.600000E-02  0.600000E-02  0.313879E+06
00002200  0.241708E-06  0.526517E-04  0.528934E-04  0.141093E-04  0.201719E-05  0.161265E-04  0.601773E-02  0.600000E-02  0.600000E-02  0.319816E+06
00002300  0.246237E-06  0.526945E-04  0.529408E-04  0.141093E-04  0.201719E-05  0.161265E-04  0.601846E-02  0.600000E-02  0.600000E-02  0.253047E+06
00002400  0.242910E-06  0.527370E-04  0.529799E-04  0.141093E-04  0.201719E-05  0.161265E-04  0.601934E-02  0.600000E-02  0.600000E-02  0.275254E+06
00002500  0.233740E-06  0.527711E-04  0.530048E-04  0.141093E-04  0.201719E-05  0.161265E-04  0.602018E-02  0.600000E-02  0.600000E-02  0.288282E+06
00002600  0.221054E-06  0.528004E-04  0.530215E-04  0.141093E-04  0.201719E-05  0.161265E-04  0.602091E-02  0.600000E-02  0.600000E-02  0.263702E+06
00002700  0.214007E-06  0.528276E-04  0.530416E-04  0.141093E-04  0.201719E-05  0.161265E-04  0.602154E-02  0.600000E-02  0.600000E-02  0.260884E+06
00002800  0.220710E-06  0.528534E-04  0.530741E-04  0.141093E-04  0.201719E-05  0.161265E-04  0.602208E-02  0.600000E-02  0.600000E-02  0.533557E+06
00002900  0.220076E-06  0.528797E-04  0.530998E-04  0.141093E-04  0.201719E-05  0.161265E-04  0.602263E-02  0.600000E-02  0.600000E-02  0.520356E+06
00003000  0.245167E-06  0.529060E-04  0.531511E-04  0.141093E-04  0.201719E-05  0.161265E-04  0.602321E-02  0.600000E-02  0.600000E-02  0.465086E+06
00003100  0.293348E-06  0.529317E-04  0.532250E-04  0.141093E-04  0.201719E-05  0.161265E-04  0.602390E-02  0.600000E-02  0.600000E-02  0.488139E+06
00003200  0.309775E-06  0.529643E-04  0.532741E-04  0.141093E-04  0.201719E-05  0.161265E-04  0.602468E-02  0.600000E-02  0.600000E-02  0.454798E+06
00003300  0.311469E-06  0.529991E-04  0.533106E-04  0.141093E-04  0.201719E-05  0.161265E-04  0.602518E-02  0.600000E-02  0.600000E-02  0.391312E+06
00003400  0.316397E-06  0.530310E-04  0.533474E-04  0.141093E-04  0.201719E-05  0.161265E-04  0.602567E-02  0.600000E-02  0.600000E-02  0.339101E+06
00003500  0.330173E-06  0.530652E-04  0.533954E-04  0.141093E-04  0.201719E-05  0.161265E-04  0.602624E-02  0.600000E-02  0.600000E-02  0.394672E+06
00003600  0.377013E-06  0.531048E-04  0.534818E-04  0.141093E-04  0.201719E-05  0.161265E-04  0.602685E-02  0.600000E-02  0.600000E-02  0.459222E+06
00003700  0.424937E-06  0.531482E-04  0.535732E-04  0.141093E-04  0.201719E-05  0.161265E-04  0.602751E-02  0.600000E-02  0.600000E-02  0.413788E+06
00003800  0.445368E-06  0.531928E-04  0.536382E-04  0.141093E-04  0.201719E-05  0.161265E-04  0.602819E-02  0.600000E-02  0.600000E-02  0.308545E+06
00003900  0.415620E-06  0.532402E-04  0.536558E-04  0.141093E-04  0.201719E-05  0.161265E-04  0.602883E-02  0.600000E-02  0.600000E-02  0.307905E+06
00004000  0.380083E-06  0.532878E-04  0.536679E-04  0.141093E-04  0.201719E-05  0.161265E-04  0.602938E-02  0.600000E-02  0.600000E-02  0.296466E+06
00004100  0.355794E-06  0.533350E-04  0.536908E-04  0.141093E-04  0.201719E-05  0.161265E-04  0.602979E-02  0.600000E-02  0.600000E-02  0.298217E+06
00004200  0.347030E-06  0.533816E-04  0.537287E-04  0.141093E-04  0.201719E-05  0.161265E-04  0.603003E-02  0.600000E-02  0.600000E-02  0.566440E+06
00004300  0.357721E-06  0.534276E-04  0.537853E-04  0.141093E-04  0.201719E-05  0.161265E-04  0.603000E-02  0.600000E-02  0.600000E-02  0.454836E+06
00004400  0.376351E-06  0.534720E-04  0.538483E-04  0.141093E-04  0.201719E-05  0.161265E-04  0.602971E-02  0.600000E-02  0.600000E-02  0.370332E+06
00004500  0.380485E-06  0.535176E-04  0.538981E-04  0.141093E-04  0.201719E-05  0.161265E-04  0.602917E-02  0.600000E-02  0.600000E-02  0.318865E+06
00004600  0.358465E-06  0.535607E-04  0.539192E-04  0.141093E-04  0.201719E-05  0.161265E-04  0.602848E-02  0.600000E-02  0.600000E-02  0.323859E+06
00004700  0.344717E-06  0.535985E-04  0.539432E-04  0.141093E-04  0.201719E-05  0.161265E-04  0.602786E-02  0.600000E-02  0.600000E-02  0.331068E+06
00004800  0.355165E-06  0.536323E-04  0.539874E-04  0.141093E-04  0.201719E-05  0.161265E-04  0.602750E-02  0.600000E-02  0.600000E-02  0.331889E+06
00004900  0.373403E-06  0.536634E-04  0.540368E-04  0.141093E-04  0.201719E-05  0.161265E-04  0.602717E-02  0.600000E-02  0.600000E-02  0.328949E+06
00005000  0.384801E-06  0.536924E-04  0.540772E-04  0.141093E-04  0.201719E-05  0.161265E-04  0.602677E-02  0.600000E-02  0.600000E-02  0.379153E+06
00005100  0.362430E-06  0.537201E-04  0.540825E-04  0.141093E-04  0.201719E-05  0.161265E-04  0.602616E-02  0.600000E-02  0.600000E-02  0.338570E+06
00005200  0.331267E-06  0.537459E-04  0.540772E-04  0.141093E-04  0.201719E-05  0.161265E-04  0.602545E-02  0.600000E-02  0.600000E-02  0.337518E+06
00005300  0.309600E-06  0.537701E-04  0.540797E-04  0.141093E-04  0.201719E-05  0.161265E-04  0.602461E-02  0.600000E-02  0.600000E-02  0.332536E+06
00005400  0.287932E-06  0.537930E-04  0.540810E-04  0.141093E-04  0.201719E-05  0.161265E-04  0.602362E-02  0.600000E-02  0.600000E-02  0.335872E+06
00005500  0.275452E-06  0.538136E-04  0.540891E-04  0.141093E-04  0.201719E-05  0.161265E-04  0.602250E-02  0.600000E-02  0.600000E-02  0.334977E+06
00005600  0.269452E-06  0.538320E-04  0.541015E-04  0.141093E-04  0.201719E-05  0.161265E-04  0.602124E-02  0.600000E-02  0.600000E-02  0.335918E+06
00005700  0.269541E-06  0.538486E-04  0.541181E-04  0.141093E-04  0.201719E-05  0.161265E-04  0.601984E-02  0.600000E-02  0.600000E-02  0.337760E+06
00005800  0.280768E-06  0.538631E-04  0.541439E-04  0.141093E-04  0.201719E-05  0.161265E-04  0.601831E-02  0.600000E-02  0.600000E-02  0.349783E+06
00005900  0.308255E-06  0.538780E-04  0.541862E-04  0.141093E-04  0.201719E-05  0.161265E-04  0.601667E-02  0.600000E-02  0.600000E-02  0.352678E+06
00006000  0.365696E-06  0.538901E-04  0.542558E-04  0.141093E-04  0.201719E-05  0.161265E-04  0.601496E-02  0.600000E-02  0.600000E-02  0.380997E+06
00006100  0.459892E-06  0.538942E-04  0.543541E-04  0.141093E-04  0.201719E-05  0.161265E-04  0.601316E-02  0.600000E-02  0.600000E-02  0.383105E+06
00006200  0.558556E-06  0.538942E-04  0.544527E-04  0.141093E-04  0.201719E-05  0.161265E-04  0.601118E-02  0.600000E-02  0.600000E-02  0.437523E+06
00006300  0.627816E-06  0.538975E-04  0.545254E-04  0.141093E-04  0.201719E-05  0.161265E-04  0.600890E-02  0.600000E-02  0.600000E-02  0.391858E+06
00006400  0.690372E-06  0.539035E-04  0.545939E-04  0.141093E-04  0.201719E-05  0.161265E-04  0.600639E-02  0.600000E-02  0.600000E-02  0.383321E+06
00006500  0.743790E-06  0.539105E-04  0.546543E-04  0.141093E-04  0.201719E-05  0.161265E-04  0.600367E-02  0.600000E-02  0.600000E-02  0.378480E+06
00006600  0.781443E-06  0.539187E-04  0.547001E-04  0.141093E-04  0.201719E-05  0.161265E-04  0.600076E-02  0.600000E-02  0.600000E-02  0.367034E+06
00006700  0.810162E-06  0.539265E-04  0.547366E-04  0.141093E-04  0.201719E-05  0.161265E-04  0.599768E-02  0.600000E-02  0.600000E-02  0.346175E+06
00006800  0.842189E-06  0.539315E-04  0.547737E-04  0.141093E-04  0.201719E-05  0.161265E-04  0.599450E-02  0.600000E-02  0.600000E-02  0.337434E+06
00006900  0.877369E-06  0.539355E-04  0.548129E-04  0.141093E-04  0.201719E-05  0.161265E-04  0.599129E-02  0.600000E-02  0.600000E-02  0.308800E+06
00007000  0.913565E-06  0.539385E-04  0.548521E-04  0.141093E-04  0.201719E-05  0.161265E-04  0.598804E-02  0.600000E-02  0.600000E-02  0.284142E+06
00007100  0.955030E-06  0.539393E-04  0.548943E-04  0.141093E-04  0.201719E-05  0.161265E-04  0.598473E-02  0.600000E-02  0.600000E-02  0.284547E+06
00007200  0.995407E-06  0.539382E-04  0.549337E-04  0.141093E-04  0.201719E-05  0.161265E-04  0.598134E-02  0.600000E-02  0.600000E-02  0.278383E+06
00007300  0.102362E-05  0.539372E-04  0.549608E-04  0.141093E-04  0.201719E-05  0.161265E-04  0.597782E-02  0.600000E-02  0.600000E-02  0.273819E+06
00007400  0.104793E-05  0.539345E-04  0.549825E-04  0.141093E-04  0.201719E-05  0.161265E-04  0.597409E-02  0.600000E-02  0.600000E-02  0.270315E+06
00007500  0.106145E-05  0.539309E-04  0.549923E-04  0.141093E-04  0.201719E-05  0.161265E-04  0.597025E-02  0.600000E-02  0.600000E-02  0.264855E+06
00007600  0.105911E-05  0.539264E-04  0.549855E-04  0.141093E-04  0.201719E-05  0.161265E-04  0.596635E-02  0.600000E-02  0.600000E-02  0.258615E+06
00007700  0.104820E-05  0.539207E-04  0.549689E-04  0.141093E-04  0.201719E-05  0.161265E-04  0.596244E-02  0.600000E-02  0.600000E-02  0.235313E+06
00007800  0.943891E-06  0.539206E-04  0.548645E-04  0.141093E-04  0.201719E-05  0.161265E-04  0.595860E-02  0.600000E-02  0.600000E-02  0.522636E+06
00007900  0.801544E-06  0.539269E-04  0.547285E-04  0.141093E-04  0.201719E-05  0.161265E-04  0.595464E-02  0.600000E-02  0.600000E-02  0.524744E+06
00008000  0.703777E-06  0.539302E-04  0.546340E-04  0.141093E-04  0.201719E-05  0.161265E-04  0.595042E-02  0.600000E-02  0.600000E-02  0.337964E+06
00008100  0.636084E-06  0.539332E-04  0.545693E-04  0.141093E-04  0.201719E-05  0.161265E-04  0.594597E-02  0.600000E-02  0.600000E-02  0.493726E+06
00008200  0.623252E-06  0.539362E-04  0.545594E-04  0.141093E-04  0.201719E-05  0.161265E-04  0.594150E-02  0.600000E-02  0.600000E-02  0.318429E+06
00008300  0.617689E-06  0.539356E-04  0.545533E-04  0.141093E-04  0.201719E-05  0.161265E-04  0.593702E-02  0.600000E-02  0.600000E-02  0.296095E+06
00008400  0.616495E-06  0.539334E-04  0.545499E-04  0.141093E-04  0.201719E-05  0.161265E-04  0.593253E-02  0.600000E-02  0.600000E-02  0.384928E+06
00008500  0.601002E-06  0.539306E-04  0.545316E-04  0.141093E-04  0.201719E-05  0.161265E-04  0.592799E-02  0.600000E-02  0.600000E-02  0.369516E+06
00008600  0.582385E-06  0.539282E-04  0.545106E-04  0.141093E-04  0.201719E-05  0.161265E-04  0.592334E-02  0.600000E-02  0.600000E-02  0.317370E+06
00008700  0.578053E-06  0.539250E-04  0.545031E-04  0.141093E-04  0.201719E-05  0.161265E-04  0.591853E-02  0.600000E-02  0.600000E-02  0.306663E+06
00008800  0.571198E-06  0.539225E-04  0.544937E-04  0.141093E-04  0.201719E-05  0.161265E-04  0.591358E-02  0.600000E-02  0.600000E-02  0.284242E+06
00008900  0.565865E-06  0.539199E-04  0.544858E-04  0.141093E-04  0.201719E-05  0.161265E-04  0.590852E-02  0.600000E-02  0.600000E-02  0.280284E+06
00009000  0.548570E-06  0.539210E-04  0.544696E-04  0.141093E-04  0.201719E-05  0.161265E-04  0.590326E-02  0.600000E-02  0.600000E-02  0.279102E+06
00009100  0.504667E-06  0.539216E-04  0.544262E-04  0.141093E-04  0.201719E-05  0.161265E-04  0.589772E-02  0.600000E-02  0.600000E-02  0.420992E+06
00009200  0.474083E-06  0.539204E-04  0.543945E-04  0.141093E-04  0.201719E-05  0.161265E-04  0.589198E-02  0.600000E-02  0.600000E-02  0.366131E+06
00009300  0.457185E-06  0.539186E-04  0.543758E-04  0.141093E-04  0.201719E-05  0.161265E-04  0.588606E-02  0.600000E-02  0.600000E-02  0.346689E+06
00009400  0.452154E-06  0.539186E-04  0.543708E-04  0.141093E-04  0.201719E-05  0.161265E-04  0.587998E-02  0.600000E-02  0.600000E-02  0.368489E+06
00009500  0.461414E-06  0.539218E-04  0.543832E-04  0.141093E-04  0.201719E-05  0.161265E-04  0.587377E-02  0.600000E-02  0.600000E-02  0.330852E+06
00009600  0.472785E-06  0.539238E-04  0.543966E-04  0.141093E-04  0.201719E-05  0.161265E-04  0.586751E-02  0.600000E-02  0.600000E-02  0.313741E+06
00009700  0.479835E-06  0.539227E-04  0.544025E-04  0.141093E-04  0.201719E-05  0.161265E-04  0.586121E-02  0.600000E-02  0.600000E-02  0.300817E+06
00009800  0.493255E-06  0.539197E-04  0.544130E-04  0.141093E-04  0.201719E-05  0.161265E-04  0.585493E-02  0.600000E-02  0.600000E-02  0.294191E+06
00009900  0.521113E-06  0.539148E-04  0.544359E-04  0.141093E-04  0.201719E-05  0.161265E-04  0.584868E-02  0.600000E-02  0.600000E-02  0.289179E+06
00010000  0.548097E-06  0.539045E-04  0.544526E-04  0.141093E-04  0.201719E-05  0.161265E-04  0.584245E-02  0.600000E-02  0.600000E-02  0.281207E+06
00010100  0.557779E-06  0.538922E-04  0.544500E-04  0.141093E-04  0.201719E-05  0.161265E-04  0.583626E-02  0.600000E-02  0.600000E-02  0.380458E+06
00010200  0.560739E-06  0.538759E-04  0.544366E-04  0.141093E-04  0.201719E-05  0.161265E-04  0.583012E-02  0.600000E-02  0.600000E-02  0.323579E+06
00010300  0.563333E-06  0.538567E-04  0.544200E-04  0.141093E-04  0.201719E-05  0.161265E-04  0.582409E-02  0.600000E-02  0.600000E-02  0.327799E+06
00010400  0.564227E-06  0.538352E-04  0.543994E-04  0.141093E-04  0.201719E-05  0.161265E-04  0.581821E-02  0.600000E-02  0.600000E-02  0.304388E+06
00010500  0.553730E-06  0.538146E-04  0.543684E-04  0.141093E-04  0.201719E-05  0.161265E-04  0.581246E-02  0.600000E-02  0.600000E-02  0.314320E+06
00010600  0.547473E-06  0.537859E-04  0.543334E-04  0.141093E-04  0.201719E-05  0.161265E-04  0.580684E-02  0.600000E-02  0.600000E-02  0.327269E+06
00010700  0.537070E-06  0.537539E-04  0.542909E-04  0.141093E-04  0.201719E-05  0.161265E-04  0.580131E-02  0.600000E-02  0.600000E-02  0.294062E+06
00010800  0.517824E-06  0.537217E-04  0.542395E-04  0.141093E-04  0.201719E-05  0.161265E-04  0.579586E-02  0.600000E-02  0.600000E-02  0.252845E+06
00010900  0.503979E-06  0.536920E-04  0.541960E-04  0.141093E-04  0.201719E-05  0.161265E-04  0.579050E-02  0.600000E-02  0.600000E-02  0.252946E+06
00011000  0.500297E-06  0.536666E-04  0.541669E-04  0.141093E-04  0.201719E-05  0.161265E-04  0.578527E-02  0.600000E-02  0.600000E-02  0.248530E+06
00011100  0.504946E-06  0.536448E-04  0.541497E-04  0.141093E-04  0.201719E-05  0.161265E-04  0.578013E-02  0.600000E-02  0.600000E-02  0.245399E+06
00011200  0.516035E-06  0.536293E-04  0.541453E-04  0.141093E-04  0.201719E-05  0.161265E-04  0.577510E-02  0.600000E-02  0.600000E-02  0.238060E+06
00011300  0.527917E-06  0.536215E-04  0.541494E-04  0.141093E-04  0.201719E-05  0.161265E-04  0.577017E-02  0.600000E-02  0.600000E-02  0.228584E+06
00011400  0.541674E-06  0.536191E-04  0.541608E-04  0.141093E-04  0.201719E-05  0.161265E-04  0.576532E-02  0.600000E-02  0.600000E-02  0.221019E+06
00011500  0.551527E-06  0.536200E-04  0.541715E-04  0.141093E-04  0.201719E-05  0.161265E-04  0.576054E-02  0.600000E-02  0.600000E-02  0.236364E+06
00011600  0.550715E-06  0.536231E-04  0.541738E-04  0.141093E-04  0.201719E-05  0.161265E-04  0.575581E-02  0.600000E-02  0.600000E-02  0.300323E+06
00011700  0.555328E-06  0.536275E-04  0.541828E-04  0.141093E-04  0.201719E-05  0.161265E-04  0.575108E-02  0.600000E-02  0.600000E-02  0.372108E+06
00011800  0.567587E-06  0.536328E-04  0.542004E-04  0.141093E-04  0.201719E-05  0.161265E-04  0.574632E-02  0.600000E-02  0.600000E-02  0.321726E+06
00011900  0.555373E-06  0.536402E-04  0.541956E-04  0.141093E-04  0.201719E-05  0.161265E-04  0.574160E-02  0.600000E-02  0.600000E-02  0.272482E+06
00012000  0.552744E-06  0.536507E-04  0.542035E-04  0.141093E-04  0.201719E-05  0.161265E-04  0.573697E-02  0.600000E-02  0.600000E-02  0.291952E+06
00012100  0.550383E-06  0.536666E-04  0.542170E-04  0.141093E-04  0.201719E-05  0.161265E-04  0.573244E-02  0.600000E-02  0.600000E-02  0.279646E+06
00012200  0.555410E-06  0.536836E-04  0.542390E-04  0.141093E-04  0.201719E-05  0.161265E-04  0.572806E-02  0.600000E-02  0.600000E-02  0.273906E+06
00012300  0.559381E-06  0.537041E-04  0.542635E-04  0.141093E-04  0.201719E-05  0.161265E-04  0.572389E-02  0.600000E-02  0.600000E-02  0.275262E+06
00012400  0.562145E-06  0.537292E-04  0.542914E-04  0.141093E-04  0.201719E-05  0.161265E-04  0.571988E-02  0.600000E-02  0.600000E-02  0.283202E+06
00012500  0.569275E-06  0.537553E-04  0.543246E-04  0.141093E-04  0.201719E-05  0.161265E-04  0.571601E-02  0.600000E-02  0.600000E-02  0.295819E+06
00012600  0.582178E-06  0.537874E-04  0.543696E-04  0.141093E-04  0.201719E-05  0.161265E-04  0.571223E-02  0.600000E-02  0.600000E-02  0.301815E+06
00012700  0.596702E-06  0.538250E-04  0.544217E-04  0.141093E-04  0.201719E-05  0.161265E-04  0.570852E-02  0.600000E-02  0.600000E-02  0.309431E+06
00012800  0.615602E-06  0.538671E-04  0.544827E-04  0.141093E-04  0.201719E-05  0.161265E-04  0.570486E-02  0.600000E-02  0.600000E-02  0.317247E+06
00012900  0.631748E-06  0.539114E-04  0.545431E-04  0.141093E-04  0.201719E-05  0.161265E-04  0.570123E-02  0.600000E-02  0.600000E-02  0.302172E+06
00013000  0.636623E-06  0.539576E-04  0.545943E-04  0.141093E-04  0.201719E-05  0.161265E-04  0.569762E-02  0.600000E-02  0.600000E-02  0.295996E+06
00013100  0.625496E-06  0.540059E-04  0.546314E-04  0.141093E-04  0.201719E-05  0.161265E-04  0.569406E-02  0.600000E-02  0.600000E-02  0.287655E+06
00013200  0.590732E-06  0.540576E-04  0.546483E-04  0.141093E-04  0.201719E-05  0.161265E-04  0.569060E-02  0.600000E-02  0.600000E-02  0.275871E+06
00013300  0.568960E-06  0.541092E-04  0.546781E-04  0.141093E-04  0.201719E-05  0.161265E-04  0.568727E-02  0.600000E-02  0.600000E-02  0.262471E+06
00013400  0.547263E-06  0.541606E-04  0.547078E-04  0.141093E-04  0.201719E-05  0.161265E-04  0.568403E-02  0.600000E-02  0.600000E-02  0.245756E+06
00013500  0.528790E-06  0.542110E-04  0.547398E-04  0.141093E-04  0.201719E-05  0.161265E-04  0.568091E-02  0.600000E-02  0.600000E-02  0.252112E+06
00013600  0.513161E-06  0.542598E-04  0.547730E-04  0.141093E-04  0.201719E-05  0.161265E-04  0.567786E-02  0.600000E-02  0.600000E-02  0.253424E+06
00013700  0.492937E-06  0.543083E-04  0.548013E-04  0.141093E-04  0.201719E-05  0.161265E-04  0.567483E-02  0.600000E-02  0.600000E-02  0.254518E+06
00013800  0.470117E-06  0.543567E-04  0.548268E-04  0.141093E-04  0.201719E-05  0.161265E-04  0.567183E-02  0.600000E-02  0.600000E-02  0.255214E+06
00013900  0.454935E-06  0.544045E-04  0.548594E-04  0.141093E-04  0.201719E-05  0.161265E-04  0.566885E-02  0.600000E-02  0.600000E-02  0.255045E+06
00014000  0.444833E-06  0.544503E-04  0.548951E-04  0.141093E-04  0.201719E-05  0.161265E-04  0.566593E-02  0.600000E-02  0.600000E-02  0.255472E+06
00014100  0.438477E-06  0.544926E-04  0.549311E-04  0.141093E-04  0.201719E-05  0.161265E-04  0.566308E-02  0.600000E-02  0.600000E-02  0.260170E+06
00014200  0.436574E-06  0.545313E-04  0.549678E-04  0.141093E-04  0.201719E-05  0.161265E-04  0.566030E-02  0.600000E-02  0.600000E-02  0.270379E+06
00014300  0.436259E-06  0.545684E-04  0.550046E-04  0.141093E-04  0.201719E-05  0.161265E-04  0.565760E-02  0.600000E-02  0.600000E-02  0.272694E+06
00014400  0.439562E-06  0.546037E-04  0.550433E-04  0.141093E-04  0.201719E-05  0.161265E-04  0.565497E-02  0.600000E-02  0.600000E-02  0.275033E+06
00014500  0.438124E-06  0.546426E-04  0.550808E-04  0.141093E-04  0.201719E-05  0.161265E-04  0.565238E-02  0.600000E-02  0.600000E-02  0.291557E+06
00014600  0.454760E-06  0.546724E-04  0.551271E-04  0.141093E-04  0.201719E-05  0.161265E-04  0.564982E-02  0.600000E-02  0.600000E-02  0.259893E+06
00014700  0.467488E-06  0.547010E-04  0.551685E-04  0.141093E-04  0.201719E-05  0.161265E-04  0.564734E-02  0.600000E-02  0.600000E-02  0.266701E+06
00014800  0.475041E-06  0.547283E-04  0.552033E-04  0.141093E-04  0.201719E-05  0.161265E-04  0.564498E-02  0.600000E-02  0.600000E-02  0.268827E+06
00014900  0.481976E-06  0.547543E-04  0.552363E-04  0.141093E-04  0.201719E-05  0.161265E-04  0.564274E-02  0.600000E-02  0.600000E-02  0.282553E+06
00015000  0.491059E-06  0.547788E-04  0.552698E-04  0.141093E-04  0.201719E-05  0.161265E-04  0.564059E-02  0.600000E-02  0.600000E-02  0.402920E+06
00015100  0.514437E-06  0.548018E-04  0.553162E-04  0.141093E-04  0.201719E-05  0.161265E-04  0.563846E-02  0.600000E-02  0.600000E-02  0.490984E+06
00015200  0.534284E-06  0.548217E-04  0.553560E-04  0.141093E-04  0.201719E-05  0.161265E-04  0.563626E-02  0.600000E-02  0.600000E-02  0.382188E+06
00015300  0.538159E-06  0.548378E-04  0.553760E-04  0.141093E-04  0.201719E-05  0.161265E-04  0.563406E-02  0.600000E-02  0.600000E-02  0.235889E+06
00015400  0.533666E-06  0.548505E-04  0.553842E-04  0.141093E-04  0.201719E-05  0.161265E-04  0.563204E-02  0.600000E-02  0.600000E-02  0.232008E+06
00015500  0.536751E-06  0.548616E-04  0.553984E-04  0.141093E-04  0.201719E-05  0.161265E-04  0.563030E-02  0.600000E-02  0.600000E-02  0.237460E+06
00015600  0.541238E-06  0.548726E-04  0.554138E-04  0.141093E-04  0.201719E-05  0.161265E-04  0.562855E-02  0.600000E-02  0.600000E-02  0.234861E+06
00015700  0.544255E-06  0.548820E-04  0.554262E-04  0.141093E-04  0.201719E-05  0.161265E-04  0.562674E-02  0.600000E-02  0.600000E-02  0.236957E+06
00015800  0.547377E-06  0.548883E-04  0.554357E-04  0.141093E-04  0.201719E-05  0.161265E-04  0.562485E-02  0.600000E-02  0.600000E-02  0.240738E+06
00015900  0.551361E-06  0.548945E-04  0.554458E-04  0.141093E-04  0.201719E-05  0.161265E-04  0.562290E-02  0.600000E-02  0.600000E-02  0.239227E+06
00016000  0.557795E-06  0.549025E-04  0.554603E-04  0.141093E-04  0.201719E-05  0.161265E-04  0.562087E-02  0.600000E-02  0.600000E-02  0.242070E+06
00016100  0.575774E-06  0.549124E-04  0.554881E-04  0.141093E-04  0.201719E-05  0.161265E-04  0.561872E-02  0.600000E-02  0.600000E-02  0.333336E+06
00016200  0.603340E-06  0.549224E-04  0.555257E-04  0.141093E-04  0.201719E-05  0.161265E-04  0.561631E-02  0.600000E-02  0.600000E-02  0.403223E+06
00016300  0.633963E-06  0.549339E-04  0.555679E-04  0.141093E-04  0.201719E-05  0.161265E-04  0.561357E-02  0.600000E-02  0.600000E-02  0.321798E+06
00016400  0.660600E-06  0.549448E-04  0.556054E-04  0.141093E-04  0.201719E-05  0.161265E-04  0.561055E-02  0.600000E-02  0.600000E-02  0.286265E+06
00016500  0.680240E-06  0.549564E-04  0.556366E-04  0.141093E-04  0.201719E-05  0.161265E-04  0.560724E-02  0.600000E-02  0.600000E-02  0.280786E+06
00016600  0.688847E-06  0.549686E-04  0.556575E-04  0.141093E-04  0.201719E-05  0.161265E-04  0.560372E-02  0.600000E-02  0.600000E-02  0.284167E+06
00016700  0.681884E-06  0.549812E-04  0.556631E-04  0.141093E-04  0.201719E-05  0.161265E-04  0.560003E-02  0.600000E-02  0.600000E-02  0.301957E+06
00016800  0.661466E-06  0.549937E-04  0.556552E-04  0.141093E-04  0.201719E-05  0.161265E-04  0.559625E-02  0.600000E-02  0.600000E-02  0.304238E+06
00016900  0.633352E-06  0.550041E-04  0.556375E-04  0.141093E-04  0.201719E-05  0.161265E-04  0.559262E-02  0.600000E-02  0.600000E-02  0.275592E+06
00017000  0.608666E-06  0.550131E-04  0.556217E-04  0.141093E-04  0.201719E-05  0.161265E-04  0.558961E-02  0.600000E-02  0.600000E-02  0.259279E+06
00017100  0.592679E-06  0.550207E-04  0.556134E-04  0.141093E-04  0.201719E-05  0.161265E-04  0.558709E-02  0.600000E-02  0.600000E-02  0.264996E+06
00017200  0.581253E-06  0.550273E-04  0.556086E-04  0.141093E-04  0.201719E-05  0.161265E-04  0.558493E-02  0.600000E-02  0.600000E-02  0.274044E+06
00017300  0.570482E-06  0.550352E-04  0.556057E-04  0.141093E-04  0.201719E-05  0.161265E-04  0.558300E-02  0.600000E-02  0.600000E-02  0.286847E+06
00017400  0.560893E-06  0.550440E-04  0.556049E-04  0.141093E-04  0.201719E-05  0.161265E-04  0.558126E-02  0.600000E-02  0.600000E-02  0.301891E+06
00017500  0.554192E-06  0.550532E-04  0.556074E-04  0.141093E-04  0.201719E-05  0.161265E-04  0.557961E-02  0.600000E-02  0.600000E-02  0.317446E+06
00017600  0.549710E-06  0.550629E-04  0.556127E-04  0.141093E-04  0.201719E-05  0.161265E-04  0.557798E-02  0.600000E-02  0.600000E-02  0.302529E+06
00017700  0.545871E-06  0.550738E-04  0.556197E-04  0.141093E-04  0.201719E-05  0.161265E-04  0.557637E-02  0.600000E-02  0.600000E-02  0.296247E+06
00017800  0.540929E-06  0.550874E-04  0.556283E-04  0.141093E-04  0.201719E-05  0.161265E-04  0.557481E-02  0.600000E-02  0.600000E-02  0.268871E+06
00017900  0.533383E-06  0.551038E-04  0.556372E-04  0.141093E-04  0.201719E-05  0.161265E-04  0.557334E-02  0.600000E-02  0.600000E-02  0.275111E+06
00018000  0.523009E-06  0.551221E-04  0.556451E-04  0.141093E-04  0.201719E-05  0.161265E-04  0.557198E-02  0.600000E-02  0.600000E-02  0.281949E+06
00018100  0.515109E-06  0.551413E-04  0.556564E-04  0.141093E-04  0.201719E-05  0.161265E-04  0.557076E-02  0.600000E-02  0.600000E-02  0.284029E+06
00018200  0.508997E-06  0.551627E-04  0.556717E-04  0.141093E-04  0.201719E-05  0.161265E-04  0.556969E-02  0.600000E-02  0.600000E-02  0.287263E+06
00018300  0.503343E-06  0.551873E-04  0.556906E-04  0.141093E-04  0.201719E-05  0.161265E-04  0.556880E-02  0.600000E-02  0.600000E-02  0.290458E+06
00018400  0.499591E-06  0.552141E-04  0.557137E-04  0.141093E-04  0.201719E-05  0.161265E-04  0.556809E-02  0.600000E-02  0.600000E-02  0.293288E+06
00018500  0.500574E-06  0.552425E-04  0.557431E-04  0.141093E-04  0.201719E-05  0.161265E-04  0.556755E-02  0.600000E-02  0.600000E-02  0.287224E+06
00018600  0.510114E-06  0.552686E-04  0.557787E-04  0.141093E-04  0.201719E-05  0.161265E-04  0.556723E-02  0.600000E-02  0.600000E-02  0.292642E+06
00018700  0.522215E-06  0.552976E-04  0.558198E-04  0.141093E-04  0.201719E-05  0.161265E-04  0.556734E-02  0.600000E-02  0.600000E-02  0.297921E+06
00018800  0.540452E-06  0.553324E-04  0.558729E-04  0.141093E-04  0.201719E-05  0.161265E-04  0.556764E-02  0.600000E-02  0.600000E-02  0.313983E+06
00018900  0.562046E-06  0.553705E-04  0.559326E-04  0.141093E-04  0.201719E-05  0.161265E-04  0.556808E-02  0.600000E-02  0.600000E-02  0.317828E+06
00019000  0.588951E-06  0.554113E-04  0.560002E-04  0.141093E-04  0.201719E-05  0.161265E-04  0.556864E-02  0.600000E-02  0.600000E-02  0.320976E+06
00019100  0.618195E-06  0.554534E-04  0.560715E-04  0.141093E-04  0.201719E-05  0.161265E-04  0.556930E-02  0.600000E-02  0.600000E-02  0.319432E+06
00019200  0.661171E-06  0.554910E-04  0.561522E-04  0.141093E-04  0.201719E-05  0.161265E-04  0.557010E-02  0.600000E-02  0.600000E-02  0.328776E+06
00019300  0.693981E-06  0.555294E-04  0.562234E-04  0.141093E-04  0.201719E-05  0.161265E-04  0.557104E-02  0.600000E-02  0.600000E-02  0.324639E+06
00019400  0.710540E-06  0.555648E-04  0.562754E-04  0.141093E-04  0.201719E-05  0.161265E-04  0.557206E-02  0.600000E-02  0.600000E-02  0.326215E+06
00019500  0.734286E-06  0.555969E-04  0.563312E-04  0.141093E-04  0.201719E-05  0.161265E-04  0.557311E-02  0.600000E-02  0.600000E-02  0.348264E+06
00019600  0.761348E-06  0.556266E-04  0.563879E-04  0.141093E-04  0.201719E-05  0.161265E-04  0.557410E-02  0.600000E-02  0.600000E-02  0.409788E+06
00019700  0.792778E-06  0.556497E-04  0.564425E-04  0.141093E-04  0.201719E-05  0.161265E-04  0.557500E-02  0.600000E-02  0.600000E-02  0.458195E+06
00019800  0.821939E-06  0.556648E-04  0.564868E-04  0.141093E-04  0.201719E-05  0.161265E-04  0.557581E-02  0.600000E-02  0.600000E-02  0.444404E+06
00019900  0.835924E-06  0.556732E-04  0.565091E-04  0.141093E-04  0.201719E-05  0.161265E-04  0.557649E-02  0.600000E-02  0.600000E-02  0.382305E+06
00020000  0.830635E-06  0.556794E-04  0.565100E-04  0.141093E-04  0.201719E-05  0.161265E-04  0.557699E-02  0.600000E-02  0.600000E-02  0.314962E+06
00020100  0.817773E-06  0.556822E-04  0.565000E-04  0.141093E-04  0.201719E-05  0.161265E-04  0.557731E-02  0.600000E-02  0.600000E-02  0.263855E+06
00020200  0.808070E-06  0.556786E-04  0.564867E-04  0.141093E-04  0.201719E-05  0.161265E-04  0.557744E-02  0.600000E-02  0.600000E-02  0.267190E+06
00020300  0.798938E-06  0.556695E-04  0.564684E-04  0.141093E-04  0.201719E-05  0.161265E-04  0.557740E-02  0.600000E-02  0.600000E-02  0.279193E+06
00020400  0.791186E-06  0.556538E-04  0.564449E-04  0.141093E-04  0.201719E-05  0.161265E-04  0.557728E-02  0.600000E-02  0.600000E-02  0.280625E+06
00020500  0.792015E-06  0.556336E-04  0.564256E-04  0.141093E-04  0.201719E-05  0.161265E-04  0.557713E-02  0.600000E-02  0.600000E-02  0.283219E+06
00020600  0.798633E-06  0.556076E-04  0.564063E-04  0.141093E-04  0.201719E-05  0.161265E-04  0.557698E-02  0.600000E-02  0.600000E-02  0.287355E+06
00020700  0.806307E-06  0.555771E-04  0.563834E-04  0.141093E-04  0.201719E-05  0.161265E-04  0.557680E-02  0.600000E-02  0.600000E-02  0.291842E+06
00020800  0.810833E-06  0.555448E-04  0.563557E-04  0.141093E-04  0.201719E-05  0.161265E-04  0.557653E-02  0.600000E-02  0.600000E-02  0.293038E+06
00020900  0.816764E-06  0.555131E-04  0.563298E-04  0.141093E-04  0.201719E-05  0.161265E-04  0.557613E-02  0.600000E-02  0.600000E-02  0.297359E+06
00021000  0.821732E-06  0.554825E-04  0.563042E-04  0.141093E-04  0.201719E-05  0.161265E-04  0.557562E-02  0.600000E-02  0.600000E-02  0.298456E+06
00021100  0.824297E-06  0.554517E-04  0.562760E-04  0.141093E-04  0.201719E-05  0.161265E-04  0.557505E-02  0.600000E-02  0.600000E-02  0.299600E+06
00021200  0.823945E-06  0.554204E-04  0.562443E-04  0.141093E-04  0.201719E-05  0.161265E-04  0.557449E-02  0.600000E-02  0.600000E-02  0.303095E+06
00021300  0.819348E-06  0.553908E-04  0.562102E-04  0.141093E-04  0.201719E-05  0.161265E-04  0.557395E-02  0.600000E-02  0.600000E-02  0.304912E+06
00021400  0.810909E-06  0.553634E-04  0.561743E-04  0.141093E-04  0.201719E-05  0.161265E-04  0.557347E-02  0.600000E-02  0.600000E-02  0.304806E+06
00021500  0.800253E-06  0.553366E-04  0.561368E-04  0.141093E-04  0.201719E-05  0.161265E-04  0.557308E-02  0.600000E-02  0.600000E-02  0.305385E+06
00021600  0.792355E-06  0.553112E-04  0.561036E-04  0.141093E-04  0.201719E-05  0.161265E-04  0.557284E-02  0.600000E-02  0.600000E-02  0.306962E+06
00021700  0.783065E-06  0.552886E-04  0.560717E-04  0.141093E-04  0.201719E-05  0.161265E-04  0.557277E-02  0.600000E-02  0.600000E-02  0.311577E+06
00021800  0.779687E-06  0.552685E-04  0.560482E-04  0.141093E-04  0.201719E-05  0.161265E-04  0.557288E-02  0.600000E-02  0.600000E-02  0.300588E+06
00021900  0.780799E-06  0.552517E-04  0.560325E-04  0.141093E-04  0.201719E-05  0.161265E-04  0.557315E-02  0.600000E-02  0.600000E-02  0.297474E+06
00022000  0.783072E-06  0.552376E-04  0.560207E-04  0.141093E-04  0.201719E-05  0.161265E-04  0.557359E-02  0.600000E-02  0.600000E-02  0.296743E+06
00022100  0.786141E-06  0.552253E-04  0.560115E-04  0.141093E-04  0.201719E-05  0.161265E-04  0.557418E-02  0.600000E-02  0.600000E-02  0.295756E+06
00022200  0.789901E-06  0.552137E-04  0.560036E-04  0.141093E-04  0.201719E-05  0.161265E-04  0.557491E-02  0.600000E-02  0.600000E-02  0.294673E+06
00022300  0.793373E-06  0.552016E-04  0.559949E-04  0.141093E-04  0.201719E-05  0.161265E-04  0.557575E-02  0.600000E-02  0.600000E-02  0.293090E+06
00022400  0.796710E-06  0.551886E-04  0.559853E-04  0.141093E-04  0.201719E-05  0.161265E-04  0.557669E-02  0.600000E-02  0.600000E-02  0.291402E+06
00022500  0.800201E-06  0.551755E-04  0.559757E-04  0.141093E-04  0.201719E-05  0.161265E-04  0.557770E-02  0.600000E-02  0.600000E-02  0.291258E+06
00022600  0.803952E-06  0.551629E-04  0.559669E-04  0.141093E-04  0.201719E-05  0.161265E-04  0.557875E-02  0.600000E-02  0.600000E-02  0.291258E+06
00022700  0.808129E-06  0.551508E-04  0.559589E-04  0.141093E-04  0.201719E-05  0.161265E-04  0.557980E-02  0.600000E-02  0.600000E-02  0.287867E+06
00022800  0.811514E-06  0.551394E-04  0.559509E-04  0.141093E-04  0.201719E-05  0.161265E-04  0.558081E-02  0.600000E-02  0.600000E-02  0.286419E+06
00022900  0.808850E-06  0.551309E-04  0.559398E-04  0.141093E-04  0.201719E-05  0.161265E-04  0.558180E-02  0.600000E-02  0.600000E-02  0.287361E+06
00023000  0.795479E-06  0.551235E-04  0.559189E-04  0.141093E-04  0.201719E-05  0.161265E-04  0.558279E-02  0.600000E-02  0.600000E-02  0.284820E+06
00023100  0.772144E-06  0.551135E-04  0.558857E-04  0.141093E-04  0.201719E-05  0.161265E-04  0.558385E-02  0.600000E-02  0.600000E-02  0.281807E+06
00023200  0.744190E-06  0.551021E-04  0.558463E-04  0.141093E-04  0.201719E-05  0.161265E-04  0.558501E-02  0.600000E-02  0.600000E-02  0.295066E+06
00023300  0.717658E-06  0.550919E-04  0.558096E-04  0.141093E-04  0.201719E-05  0.161265E-04  0.558630E-02  0.600000E-02  0.600000E-02  0.302620E+06
00023400  0.696345E-06  0.550838E-04  0.557802E-04  0.141093E-04  0.201719E-05  0.161265E-04  0.558774E-02  0.600000E-02  0.600000E-02  0.300508E+06
00023500  0.678845E-06  0.550765E-04  0.557554E-04  0.141093E-04  0.201719E-05  0.161265E-04  0.558930E-02  0.600000E-02  0.600000E-02  0.291264E+06
00023600  0.665240E-06  0.550724E-04  0.557377E-04  0.141093E-04  0.201719E-05  0.161265E-04  0.559097E-02  0.600000E-02  0.600000E-02  0.286730E+06
00023700  0.653600E-06  0.550717E-04  0.557253E-04  0.141093E-04  0.201719E-05  0.161265E-04  0.559275E-02  0.600000E-02  0.600000E-02  0.286271E+06
00023800  0.644715E-06  0.550774E-04  0.557221E-04  0.141093E-04  0.201719E-05  0.161265E-04  0.559463E-02  0.600000E-02  0.600000E-02  0.284637E+06
00023900  0.638301E-06  0.550886E-04  0.557269E-04  0.141093E-04  0.201719E-05  0.161265E-04  0.559660E-02  0.600000E-02  0.600000E-02  0.279255E+06
00024000  0.634815E-06  0.551034E-04  0.557383E-04  0.141093E-04  0.201719E-05  0.161265E-04  0.559863E-02  0.600000E-02  0.600000E-02  0.274116E+06
00024100  0.636369E-06  0.551220E-04  0.557584E-04  0.141093E-04  0.201719E-05  0.161265E-04  0.560071E-02  0.600000E-02  0.600000E-02  0.291542E+06
00024200  0.642794E-06  0.551439E-04  0.557867E-04  0.141093E-04  0.201719E-05  0.161265E-04  0.560280E-02  0.600000E-02  0.600000E-02  0.276626E+06
00024300  0.651719E-06  0.551680E-04  0.558197E-04  0.141093E-04  0.201719E-05  0.161265E-04  0.560489E-02  0.600000E-02  0.600000E-02  0.265875E+06
00024400  0.662540E-06  0.551964E-04  0.558589E-04  0.141093E-04  0.201719E-05  0.161265E-04  0.560694E-02  0.600000E-02  0.600000E-02  0.257386E+06
00024500  0.678378E-06  0.552266E-04  0.559049E-04  0.141093E-04  0.201719E-05  0.161265E-04  0.560891E-02  0.600000E-02  0.600000E-02  0.252283E+06
00024600  0.698751E-06  0.552578E-04  0.559565E-04  0.141093E-04  0.201719E-05  0.161265E-04  0.561076E-02  0.600000E-02  0.600000E-02  0.258580E+06
00024700  0.720461E-06  0.552905E-04  0.560110E-04  0.141093E-04  0.201719E-05  0.161265E-04  0.561247E-02  0.600000E-02  0.600000E-02  0.279308E+06
00024800  0.743554E-06  0.553223E-04  0.560659E-04  0.141093E-04  0.201719E-05  0.161265E-04  0.561401E-02  0.600000E-02  0.600000E-02  0.287549E+06
00024900  0.765056E-06  0.553513E-04  0.561163E-04  0.141093E-04  0.201719E-05  0.161265E-04  0.561538E-02  0.600000E-02  0.600000E-02  0.281610E+06
00025000  0.787478E-06  0.553770E-04  0.561645E-04  0.141093E-04  0.201719E-05  0.161265E-04  0.561655E-02  0.600000E-02  0.600000E-02  0.263028E+06
00025100  0.805317E-06  0.553968E-04  0.562021E-04  0.141093E-04  0.201719E-05  0.161265E-04  0.561754E-02  0.600000E-02  0.600000E-02  0.256456E+06
00025200  0.813298E-06  0.554108E-04  0.562241E-04  0.141093E-04  0.201719E-05  0.161265E-04  0.561834E-02  0.600000E-02  0.600000E-02  0.259881E+06
00025300  0.812545E-06  0.554192E-04  0.562317E-04  0.141093E-04  0.201719E-05  0.161265E-04  0.561892E-02  0.600000E-02  0.600000E-02  0.259115E+06
00025400  0.806794E-06  0.554224E-04  0.562292E-04  0.141093E-04  0.201719E-05  0.161265E-04  0.561930E-02  0.600000E-02  0.600000E-02  0.249725E+06
00025500  0.794922E-06  0.554175E-04  0.562124E-04  0.141093E-04  0.201719E-05  0.161265E-04  0.561956E-02  0.600000E-02  0.600000E-02  0.238073E+06
00025600  0.776432E-06  0.554034E-04  0.561799E-04  0.141093E-04  0.201719E-05  0.161265E-04  0.561981E-02  0.600000E-02  0.600000E-02  0.233530E+06
00025700  0.758841E-06  0.553785E-04  0.561373E-04  0.141093E-04  0.201719E-05  0.161265E-04  0.562016E-02  0.600000E-02  0.600000E-02  0.237242E+06
00025800  0.751441E-06  0.553436E-04  0.560950E-04  0.141093E-04  0.201719E-05  0.161265E-04  0.562063E-02  0.600000E-02  0.600000E-02  0.237058E+06
00025900  0.757672E-06  0.552985E-04  0.560561E-04  0.141093E-04  0.201719E-05  0.161265E-04  0.562123E-02  0.600000E-02  0.600000E-02  0.236820E+06
00026000  0.771436E-06  0.552435E-04  0.560149E-04  0.141093E-04  0.201719E-05  0.161265E-04  0.562194E-02  0.600000E-02  0.600000E-02  0.225622E+06
00026100  0.786752E-06  0.551820E-04  0.559688E-04  0.141093E-04  0.201719E-05  0.161265E-04  0.562276E-02  0.600000E-02  0.600000E-02  0.234633E+06
00026200  0.802369E-06  0.551167E-04  0.559191E-04  0.141093E-04  0.201719E-05  0.161265E-04  0.562371E-02  0.600000E-02  0.600000E-02  0.237834E+06
00026300  0.815962E-06  0.550506E-04  0.558665E-04  0.141093E-04  0.201719E-05  0.161265E-04  0.562477E-02  0.600000E-02  0.600000E-02  0.250570E+06
00026400  0.825535E-06  0.549860E-04  0.558115E-04  0.141093E-04  0.201719E-05  0.161265E-04  0.562593E-02  0.600000E-02  0.600000E-02  0.262272E+06
00026500  0.837606E-06  0.549244E-04  0.557621E-04  0.141093E-04  0.201719E-05  0.161265E-04  0.562718E-02  0.600000E-02  0.600000E-02  0.331069E+06
00026600  0.845753E-06  0.548664E-04  0.557122E-04  0.141093E-04  0.201719E-05  0.161265E-04  0.562846E-02  0.600000E-02  0.600000E-02  0.280960E+06
00026700  0.848753E-06  0.548105E-04  0.556592E-04  0.141093E-04  0.201719E-05  0.161265E-04  0.562979E-02  0.600000E-02  0.600000E-02  0.276941E+06
00026800  0.855037E-06  0.547559E-04  0.556109E-04  0.141093E-04  0.201719E-05  0.161265E-04  0.563121E-02  0.600000E-02  0.600000E-02  0.275007E+06
00026900  0.860677E-06  0.547016E-04  0.555623E-04  0.141093E-04  0.201719E-05  0.161265E-04  0.563271E-02  0.600000E-02  0.600000E-02  0.285947E+06
00027000  0.868268E-06  0.546484E-04  0.555167E-04  0.141093E-04  0.201719E-05  0.161265E-04  0.563434E-02  0.600000E-02  0.600000E-02  0.302184E+06
00027100  0.875420E-06  0.545977E-04  0.554732E-04  0.141093E-04  0.201719E-05  0.161265E-04  0.563611E-02  0.600000E-02  0.600000E-02  0.297088E+06
00027200  0.879366E-06  0.545494E-04  0.554288E-04  0.141093E-04  0.201719E-05  0.161265E-04  0.563801E-02  0.600000E-02  0.600000E-02  0.266293E+06
00027300  0.874920E-06  0.545050E-04  0.553799E-04  0.141093E-04  0.201719E-05  0.161265E-04  0.564000E-02  0.600000E-02  0.600000E-02  0.293557E+06
00027400  0.867880E-06  0.544625E-04  0.553304E-04  0.141093E-04  0.201719E-05  0.161265E-04  0.564207E-02  0.600000E-02  0.600000E-02  0.245711E+06
00027500  0.862745E-06  0.544221E-04  0.552848E-04  0.141093E-04  0.201719E-05  0.161265E-04  0.564430E-02  0.600000E-02  0.600000E-02  0.251869E+06
00027600  0.857384E-06  0.543847E-04  0.552421E-04  0.141093E-04  0.201719E-05  0.161265E-04  0.564673E-02  0.600000E-02  0.600000E-02  0.249279E+06
00027700  0.841067E-06  0.543501E-04  0.551912E-04  0.141093E-04  0.201719E-05  0.161265E-04  0.564932E-02  0.600000E-02  0.600000E-02  0.254663E+06
00027800  0.836276E-06  0.543160E-04  0.551523E-04  0.141093E-04  0.201719E-05  0.161265E-04  0.565211E-02  0.600000E-02  0.600000E-02  0.559135E+06
00027900  0.827472E-06  0.542828E-04  0.551102E-04  0.141093E-04  0.201719E-05  0.161265E-04  0.565512E-02  0.600000E-02  0.600000E-02  0.260743E+06
00028000  0.820108E-06  0.542500E-04  0.550701E-04  0.141093E-04  0.201719E-05  0.161265E-04  0.565828E-02  0.600000E-02  0.600000E-02  0.261583E+06
00028100  0.809801E-06  0.542200E-04  0.550299E-04  0.141093E-04  0.201719E-05  0.161265E-04  0.566155E-02  0.600000E-02  0.600000E-02  0.263121E+06
00028200  0.798021E-06  0.541934E-04  0.549914E-04  0.141093E-04  0.201719E-05  0.161265E-04  0.566487E-02  0.600000E-02  0.600000E-02  0.263158E+06
00028300  0.789860E-06  0.541679E-04  0.549578E-04  0.141093E-04  0.201719E-05  0.161265E-04  0.566842E-02  0.600000E-02  0.600000E-02  0.263610E+06
00028400  0.784572E-06  0.541429E-04  0.549274E-04  0.141093E-04  0.201719E-05  0.161265E-04  0.567227E-02  0.600000E-02  0.600000E-02  0.261184E+06
00028500  0.776338E-06  0.541183E-04  0.548946E-04  0.141093E-04  0.201719E-05  0.161265E-04  0.567618E-02  0.600000E-02  0.600000E-02  0.258332E+06
00028600  0.765533E-06  0.540951E-04  0.548607E-04  0.141093E-04  0.201719E-05  0.161265E-04  0.568013E-02  0.600000E-02  0.600000E-02  0.259233E+06
00028700  0.757371E-06  0.540730E-04  0.548304E-04  0.141093E-04  0.201719E-05  0.161265E-04  0.568410E-02  0.600000E-02  0.600000E-02  0.248714E+06
00028800  0.747409E-06  0.540521E-04  0.547995E-04  0.141093E-04  0.201719E-05  0.161265E-04  0.568810E-02  0.600000E-02  0.600000E-02  0.241869E+06
00028900  0.741384E-06  0.540325E-04  0.547739E-04  0.141093E-04  0.201719E-05  0.161265E-04  0.569209E-02  0.600000E-02  0.600000E-02  0.269466E+06
00029000  0.740335E-06  0.540183E-04  0.547586E-04  0.141093E-04  0.201719E-05  0.161265E-04  0.569606E-02  0.600000E-02  0.600000E-02  0.314395E+06
00029100  0.745214E-06  0.540044E-04  0.547496E-04  0.141093E-04  0.201719E-05  0.161265E-04  0.570002E-02  0.600000E-02  0.600000E-02  0.330014E+06
00029200  0.756147E-06  0.539926E-04  0.547488E-04  0.141093E-04  0.201719E-05  0.161265E-04  0.570400E-02  0.600000E-02  0.600000E-02  0.351990E+06
00029300  0.775237E-06  0.539825E-04  0.547577E-04  0.141093E-04  0.201719E-05  0.161265E-04  0.570804E-02  0.600000E-02  0.600000E-02  0.369213E+06
00029400  0.798192E-06  0.539728E-04  0.547710E-04  0.141093E-04  0.201719E-05  0.161265E-04  0.571217E-02  0.600000E-02  0.600000E-02  0.377566E+06
00029500  0.824688E-06  0.539639E-04  0.547886E-04  0.141093E-04  0.201719E-05  0.161265E-04  0.571642E-02  0.600000E-02  0.600000E-02  0.394801E+06
00029600  0.861110E-06  0.539554E-04  0.548165E-04  0.141093E-04  0.201719E-05  0.161265E-04  0.572080E-02  0.600000E-02  0.600000E-02  0.407783E+06
00029700  0.911708E-06  0.539483E-04  0.548600E-04  0.141093E-04  0.201719E-05  0.161265E-04  0.572531E-02  0.600000E-02  0.600000E-02  0.408860E+06
00029800  0.925309E-06  0.539391E-04  0.548644E-04  0.141093E-04  0.201719E-05  0.161265E-04  0.572986E-02  0.599999E-02  0.600000E-02  0.402888E+06
00029900  0.906090E-06  0.539269E-04  0.548330E-04  0.141093E-04  0.201719E-05  0.161265E-04  0.573444E-02  0.599999E-02  0.600000E-02  0.390562E+06
00030000  0.881799E-06  0.539115E-04  0.547933E-04  0.141093E-04  0.201719E-05  0.161265E-04  0.573902E-02  0.599999E-02  0.600000E-02  0.371066E+06
00030100  0.859607E-06  0.538917E-04  0.547513E-04  0.141093E-04  0.201719E-05  0.161265E-04  0.574363E-02  0.599999E-02  0.600000E-02  0.345107E+06
00030200  0.843883E-06  0.538679E-04  0.547118E-04  0.141093E-04  0.201719E-05  0.161265E-04  0.574826E-02  0.600000E-02  0.600000E-02  0.318536E+06
00030300  0.847101E-06  0.538396E-04  0.546867E-04  0.141093E-04  0.201719E-05  0.161265E-04  0.575290E-02  0.600000E-02  0.600000E-02  0.373995E+06
00030400  0.876991E-06  0.538074E-04  0.546844E-04  0.141093E-04  0.201719E-05  0.161265E-04  0.575756E-02  0.600000E-02  0.600000E-02  0.511361E+06
00030500  0.920524E-06  0.537723E-04  0.546928E-04  0.141093E-04  0.201719E-05  0.161265E-04  0.576233E-02  0.600000E-02  0.600000E-02  0.414661E+06
00030600  0.949759E-06  0.537350E-04  0.546847E-04  0.141093E-04  0.201719E-05  0.161265E-04  0.576731E-02  0.600000E-02  0.600000E-02  0.384201E+06
00030700  0.979323E-06  0.536956E-04  0.546749E-04  0.141093E-04  0.201719E-05  0.161265E-04  0.577254E-02  0.600000E-02  0.600000E-02  0.470013E+06
00030800  0.101014E-05  0.536537E-04  0.546638E-04  0.141093E-04  0.201719E-05  0.161265E-04  0.577795E-02  0.600000E-02  0.599999E-02  0.478096E+06
00030900  0.104251E-05  0.536088E-04  0.546513E-04  0.141093E-04  0.201719E-05  0.161265E-04  0.578354E-02  0.600000E-02  0.599999E-02  0.520776E+06
00031000  0.105862E-05  0.535615E-04  0.546201E-04  0.141093E-04  0.201719E-05  0.161265E-04  0.578937E-02  0.600000E-02  0.599999E-02  0.683728E+06
00031100  0.107607E-05  0.535127E-04  0.545888E-04  0.141093E-04  0.201719E-05  0.161265E-04  0.579526E-02  0.600000E-02  0.599999E-02  0.421454E+06
00031200  0.108262E-05  0.534640E-04  0.545466E-04  0.141093E-04  0.201719E-05  0.161265E-04  0.580130E-02  0.600000E-02  0.599999E-02  0.702990E+06
00031300  0.108843E-05  0.534165E-04  0.545049E-04  0.141093E-04  0.201719E-05  0.161265E-04  0.580748E-02  0.600000E-02  0.599999E-02  0.471336E+06
00031400  0.108244E-05  0.533718E-04  0.544542E-04  0.141093E-04  0.201719E-05  0.161265E-04  0.581382E-02  0.600000E-02  0.599999E-02  0.458035E+06
00031500  0.106174E-05  0.533300E-04  0.543917E-04  0.141093E-04  0.201719E-05  0.161265E-04  0.582030E-02  0.600000E-02  0.599999E-02  0.427046E+06
00031600  0.102851E-05  0.532919E-04  0.543204E-04  0.141093E-04  0.201719E-05  0.161265E-04  0.582691E-02  0.600000E-02  0.600000E-02  0.362383E+06
00031700  0.976112E-06  0.532600E-04  0.542361E-04  0.141093E-04  0.201719E-05  0.161265E-04  0.583360E-02  0.600001E-02  0.600000E-02  0.396504E+06
00031800  0.911410E-06  0.532362E-04  0.541476E-04  0.141093E-04  0.201719E-05  0.161265E-04  0.584032E-02  0.600001E-02  0.600000E-02  0.383164E+06
00031900  0.849956E-06  0.532204E-04  0.540703E-04  0.141093E-04  0.201719E-05  0.161265E-04  0.584704E-02  0.600001E-02  0.600001E-02  0.366732E+06
00032000  0.796197E-06  0.532098E-04  0.540060E-04  0.141093E-04  0.201719E-05  0.161265E-04  0.585373E-02  0.600001E-02  0.600001E-02  0.388709E+06
00032100  0.749099E-06  0.532028E-04  0.539519E-04  0.141093E-04  0.201719E-05  0.161265E-04  0.586036E-02  0.600001E-02  0.600001E-02  0.386781E+06
00032200  0.713114E-06  0.531985E-04  0.539116E-04  0.141093E-04  0.201719E-05  0.161265E-04  0.586693E-02  0.600002E-02  0.600001E-02  0.347347E+06
00032300  0.685053E-06  0.531973E-04  0.538824E-04  0.141093E-04  0.201719E-05  0.161265E-04  0.587342E-02  0.600002E-02  0.600001E-02  0.388608E+06
00032400  0.661901E-06  0.531995E-04  0.538614E-04  0.141093E-04  0.201719E-05  0.161265E-04  0.587981E-02  0.600002E-02  0.600002E-02  0.397068E+06
00032500  0.639326E-06  0.532056E-04  0.538449E-04  0.141093E-04  0.201719E-05  0.161265E-04  0.588607E-02  0.600002E-02  0.600002E-02  0.282491E+06
00032600  0.620078E-06  0.532151E-04  0.538352E-04  0.141093E-04  0.201719E-05  0.161265E-04  0.589219E-02  0.600002E-02  0.600002E-02  0.380191E+06
00032700  0.605797E-06  0.532268E-04  0.538326E-04  0.141093E-04  0.201719E-05  0.161265E-04  0.589816E-02  0.600003E-02  0.600002E-02  0.501581E+06
00032800  0.594003E-06  0.532389E-04  0.538329E-04  0.141093E-04  0.201719E-05  0.161265E-04  0.590397E-02  0.600003E-02  0.600002E-02  0.286410E+06
00032900  0.583692E-06  0.532511E-04  0.538348E-04  0.141093E-04  0.201719E-05  0.161265E-04  0.590962E-02  0.600003E-02  0.600002E-02  0.555740E+06
00033000  0.575611E-06  0.532628E-04  0.538385E-04  0.141093E-04  0.201719E-05  0.161265E-04  0.591510E-02  0.600003E-02  0.600002E-02  0.491649E+06
00033100  0.569197E-06  0.532744E-04  0.538436E-04  0.141093E-04  0.201719E-05  0.161265E-04  0.592041E-02  0.600003E-02  0.600002E-02  0.319615E+06
00033200  0.568068E-06  0.532850E-04  0.538531E-04  0.141093E-04  0.201719E-05  0.161265E-04  0.592554E-02  0.600004E-02  0.600002E-02  0.425002E+06
00033300  0.569798E-06  0.532939E-04  0.538637E-04  0.141093E-04  0.201719E-05  0.161265E-04  0.593053E-02  0.600004E-02  0.600001E-02  0.401651E+06
00033400  0.572228E-06  0.533017E-04  0.538739E-04  0.141093E-04  0.201719E-05  0.161265E-04  0.593539E-02  0.600004E-02  0.600001E-02  0.298337E+06
00033500  0.570705E-06  0.533084E-04  0.538791E-04  0.141093E-04  0.201719E-05  0.161265E-04  0.594009E-02  0.600005E-02  0.600001E-02  0.443520E+06
00033600  0.563386E-06  0.533133E-04  0.538766E-04  0.141093E-04  0.201719E-05  0.161265E-04  0.594463E-02  0.600005E-02  0.600001E-02  0.349593E+06
00033700  0.562441E-06  0.533163E-04  0.538787E-04  0.141093E-04  0.201719E-05  0.161265E-04  0.594903E-02  0.600005E-02  0.600001E-02  0.412144E+06
00033800  0.563080E-06  0.533176E-04  0.538807E-04  0.141093E-04  0.201719E-05  0.161265E-04  0.595333E-02  0.600006E-02  0.600001E-02  0.423965E+06
00033900  0.562851E-06  0.533177E-04  0.538806E-04  0.141093E-04  0.201719E-05  0.161265E-04  0.595756E-02  0.600006E-02  0.600001E-02  0.389618E+06
00034000  0.563561E-06  0.533157E-04  0.538793E-04  0.141093E-04  0.201719E-05  0.161265E-04  0.596166E-02  0.600006E-02  0.600001E-02  0.356449E+06
00034100  0.557294E-06  0.533129E-04  0.538702E-04  0.141093E-04  0.201719E-05  0.161265E-04  0.596564E-02  0.600006E-02  0.600000E-02  0.377696E+06
00034200  0.550001E-06  0.533085E-04  0.538585E-04  0.141093E-04  0.201719E-05  0.161265E-04  0.596947E-02  0.600007E-02  0.600000E-02  0.326462E+06
00034300  0.539851E-06  0.533035E-04  0.538433E-04  0.141093E-04  0.201719E-05  0.161265E-04  0.597316E-02  0.600007E-02  0.600000E-02  0.335052E+06
00034400  0.531820E-06  0.532979E-04  0.538297E-04  0.141093E-04  0.201719E-05  0.161265E-04  0.597669E-02  0.600007E-02  0.600000E-02  0.337539E+06
00034500  0.526354E-06  0.532912E-04  0.538176E-04  0.141093E-04  0.201719E-05  0.161265E-04  0.598008E-02  0.600007E-02  0.600000E-02  0.321274E+06
00034600  0.521983E-06  0.532844E-04  0.538064E-04  0.141093E-04  0.201719E-05  0.161265E-04  0.598329E-02  0.600007E-02  0.600000E-02  0.325647E+06
00034700  0.517819E-06  0.532777E-04  0.537955E-04  0.141093E-04  0.201719E-05  0.161265E-04  0.598631E-02  0.600007E-02  0.600000E-02  0.348865E+06
00034800  0.514698E-06  0.532693E-04  0.537840E-04  0.141093E-04  0.201719E-05  0.161265E-04  0.598913E-02  0.600007E-02  0.600000E-02  0.373523E+06
00034900  0.512888E-06  0.532606E-04  0.537735E-04  0.141093E-04  0.201719E-05  0.161265E-04  0.599173E-02  0.600007E-02  0.599999E-02  0.403214E+06
00035000  0.511154E-06  0.532514E-04  0.537626E-04  0.141093E-04  0.201719E-05  0.161265E-04  0.599416E-02  0.600006E-02  0.599999E-02  0.422915E+06
00035100  0.507931E-06  0.532416E-04  0.537495E-04  0.141093E-04  0.201719E-05  0.161265E-04  0.599643E-02  0.600005E-02  0.599999E-02  0.401917E+06
00035200  0.505429E-06  0.532307E-04  0.537361E-04  0.141093E-04  0.201719E-05  0.161265E-04  0.599855E-02  0.600004E-02  0.599999E-02  0.345741E+06
00035300  0.504240E-06  0.532199E-04  0.537242E-04  0.141093E-04  0.201719E-05  0.161265E-04  0.600053E-02  0.600002E-02  0.599998E-02  0.441715E+06
00035400  0.501947E-06  0.532104E-04  0.537123E-04  0.141093E-04  0.201719E-05  0.161265E-04  0.600235E-02  0.600000E-02  0.599998E-02  0.408533E+06
00035500  0.501326E-06  0.532024E-04  0.537037E-04  0.141093E-04  0.201719E-05  0.161265E-04  0.600400E-02  0.599999E-02  0.599997E-02  0.221000E+06
00035600  0.502209E-06  0.531957E-04  0.536979E-04  0.141093E-04  0.201719E-05  0.161265E-04  0.600548E-02  0.599997E-02  0.599997E-02  0.442338E+06
00035700  0.504060E-06  0.531897E-04  0.536937E-04  0.141093E-04  0.201719E-05  0.161265E-04  0.600678E-02  0.599995E-02  0.599996E-02  0.422519E+06
00035800  0.506161E-06  0.531849E-04  0.536911E-04  0.141093E-04  0.201719E-05  0.161265E-04  0.600789E-02  0.599993E-02  0.599996E-02  0.271863E+06
00035900  0.508101E-06  0.531816E-04  0.536897E-04  0.141093E-04  0.201719E-05  0.161265E-04  0.600879E-02  0.599991E-02  0.599995E-02  0.396651E+06
00036000  0.506822E-06  0.531802E-04  0.536870E-04  0.141093E-04  0.201719E-05  0.161265E-04  0.600949E-02  0.599989E-02  0.599994E-02  0.413921E+06
00036100  0.501969E-06  0.531805E-04  0.536825E-04  0.141093E-04  0.201719E-05  0.161265E-04  0.600994E-02  0.599987E-02  0.599993E-02  0.361084E+06
00036200  0.502916E-06  0.531813E-04  0.536843E-04  0.141093E-04  0.201719E-05  0.161265E-04  0.601017E-02  0.599985E-02  0.599991E-02  0.381171E+06
00036300  0.507338E-06  0.531818E-04  0.536892E-04  0.141093E-04  0.201719E-05  0.161265E-04  0.601017E-02  0.599983E-02  0.599990E-02  0.366691E+06
00036400  0.514160E-06  0.531827E-04  0.536969E-04  0.141093E-04  0.201719E-05  0.161265E-04  0.600994E-02  0.599981E-02  0.599990E-02  0.327276E+06
00036500  0.519798E-06  0.531844E-04  0.537042E-04  0.141093E-04  0.201719E-05  0.161265E-04  0.600951E-02  0.599979E-02  0.599990E-02  0.340173E+06
00036600  0.524515E-06  0.531866E-04  0.537111E-04  0.141093E-04  0.201719E-05  0.161265E-04  0.600888E-02  0.599976E-02  0.599990E-02  0.335304E+06
00036700  0.529049E-06  0.531900E-04  0.537190E-04  0.141093E-04  0.201719E-05  0.161265E-04  0.600808E-02  0.599973E-02  0.599991E-02  0.311887E+06
00036800  0.533335E-06  0.531943E-04  0.537277E-04  0.141093E-04  0.201719E-05  0.161265E-04  0.600710E-02  0.599970E-02  0.599992E-02  0.351119E+06
00036900  0.536876E-06  0.531998E-04  0.537367E-04  0.141093E-04  0.201719E-05  0.161265E-04  0.600596E-02  0.599968E-02  0.599993E-02  0.393810E+06
00037000  0.540443E-06  0.532059E-04  0.537464E-04  0.141093E-04  0.201719E-05  0.161265E-04  0.600468E-02  0.599965E-02  0.599994E-02  0.375257E+06
00037100  0.544732E-06  0.532122E-04  0.537569E-04  0.141093E-04  0.201719E-05  0.161265E-04  0.600325E-02  0.599962E-02  0.599995E-02  0.376409E+06
00037200  0.553497E-06  0.532186E-04  0.537721E-04  0.141093E-04  0.201719E-05  0.161265E-04  0.600169E-02  0.599959E-02  0.599996E-02  0.354874E+06
00037300  0.563531E-06  0.532258E-04  0.537893E-04  0.141093E-04  0.201719E-05  0.161265E-04  0.600003E-02  0.599955E-02  0.599997E-02  0.318982E+06
00037400  0.557607E-06  0.532348E-04  0.537924E-04  0.141093E-04  0.201719E-05  0.161265E-04  0.599826E-02  0.599951E-02  0.599998E-02  0.329088E+06
00037500  0.548139E-06  0.532451E-04  0.537932E-04  0.141093E-04  0.201719E-05  0.161265E-04  0.599639E-02  0.599945E-02  0.599999E-02  0.323919E+06
00037600  0.539914E-06  0.532564E-04  0.537963E-04  0.141093E-04  0.201719E-05  0.161265E-04  0.599441E-02  0.599941E-02  0.600000E-02  0.300049E+06
00037700  0.534804E-06  0.532686E-04  0.538034E-04  0.141093E-04  0.201719E-05  0.161265E-04  0.599233E-02  0.599936E-02  0.600002E-02  0.310220E+06
00037800  0.533840E-06  0.532816E-04  0.538154E-04  0.141093E-04  0.201719E-05  0.161265E-04  0.599015E-02  0.599933E-02  0.600003E-02  0.304048E+06
00037900  0.536896E-06  0.532956E-04  0.538325E-04  0.141093E-04  0.201719E-05  0.161265E-04  0.598786E-02  0.599930E-02  0.600006E-02  0.281731E+06
00038000  0.542491E-06  0.533106E-04  0.538531E-04  0.141093E-04  0.201719E-05  0.161265E-04  0.598546E-02  0.599928E-02  0.600008E-02  0.282551E+06
00038100  0.549002E-06  0.533262E-04  0.538752E-04  0.141093E-04  0.201719E-05  0.161265E-04  0.598297E-02  0.599926E-02  0.600012E-02  0.275455E+06
00038200  0.555759E-06  0.533431E-04  0.538988E-04  0.141093E-04  0.201719E-05  0.161265E-04  0.598039E-02  0.599925E-02  0.600016E-02  0.269022E+06
00038300  0.562869E-06  0.533613E-04  0.539242E-04  0.141093E-04  0.201719E-05  0.161265E-04  0.597776E-02  0.599924E-02  0.600019E-02  0.285483E+06
00038400  0.569219E-06  0.533805E-04  0.539497E-04  0.141093E-04  0.201719E-05  0.161265E-04  0.597508E-02  0.599922E-02  0.600023E-02  0.284608E+06
00038500  0.573998E-06  0.534009E-04  0.539749E-04  0.141093E-04  0.201719E-05  0.161265E-04  0.597236E-02  0.599919E-02  0.600028E-02  0.293987E+06
00038600  0.575055E-06  0.534227E-04  0.539977E-04  0.141093E-04  0.201719E-05  0.161265E-04  0.596959E-02  0.599916E-02  0.600035E-02  0.313070E+06
00038700  0.571423E-06  0.534456E-04  0.540170E-04  0.141093E-04  0.201719E-05  0.161265E-04  0.596679E-02  0.599912E-02  0.600043E-02  0.347613E+06
00038800  0.572343E-06  0.534692E-04  0.540416E-04  0.141093E-04  0.201719E-05  0.161265E-04  0.596395E-02  0.599907E-02  0.600051E-02  0.275529E+06
00038900  0.575787E-06  0.534931E-04  0.540689E-04  0.141093E-04  0.201719E-05  0.161265E-04  0.596108E-02  0.599902E-02  0.600058E-02  0.279918E+06
00039000  0.579495E-06  0.535176E-04  0.540971E-04  0.141093E-04  0.201719E-05  0.161265E-04  0.595816E-02  0.599898E-02  0.600066E-02  0.284365E+06
00039100  0.585970E-06  0.535427E-04  0.541287E-04  0.141093E-04  0.201719E-05  0.161265E-04  0.595520E-02  0.599893E-02  0.600074E-02  0.286828E+06
00039200  0.595340E-06  0.535685E-04  0.541639E-04  0.141093E-04  0.201719E-05  0.161265E-04  0.595219E-02  0.599890E-02  0.600083E-02  0.289700E+06
00039300  0.604880E-06  0.535946E-04  0.541995E-04  0.141093E-04  0.201719E-05  0.161265E-04  0.594914E-02  0.599888E-02  0.600091E-02  0.294469E+06
00039400  0.612114E-06  0.536207E-04  0.542328E-04  0.141093E-04  0.201719E-05  0.161265E-04  0.594606E-02  0.599887E-02  0.600099E-02  0.298968E+06
00039500  0.618151E-06  0.536469E-04  0.542650E-04  0.141093E-04  0.201719E-05  0.161265E-04  0.594297E-02  0.599885E-02  0.600108E-02  0.303177E+06
00039600  0.615772E-06  0.536740E-04  0.542898E-04  0.141093E-04  0.201719E-05  0.161265E-04  0.593987E-02  0.599883E-02  0.600117E-02  0.309122E+06
00039700  0.608849E-06  0.537022E-04  0.543110E-04  0.141093E-04  0.201719E-05  0.161265E-04  0.593679E-02  0.599880E-02  0.600126E-02  0.313929E+06
00039800  0.606631E-06  0.537304E-04  0.543370E-04  0.141093E-04  0.201719E-05  0.161265E-04  0.593372E-02  0.599877E-02  0.600135E-02  0.326810E+06
00039900  0.601019E-06  0.537587E-04  0.543597E-04  0.141093E-04  0.201719E-05  0.161265E-04  0.593067E-02  0.599872E-02  0.600145E-02  0.353901E+06
00040000  0.598990E-06  0.537873E-04  0.543863E-04  0.141093E-04  0.201719E-05  0.161265E-04  0.592761E-02  0.599866E-02  0.600155E-02  0.350480E+06
00040100  0.603876E-06  0.538152E-04  0.544190E-04  0.141093E-04  0.201719E-05  0.161265E-04  0.592455E-02  0.599860E-02  0.600165E-02  0.359857E+06
00040200  0.611567E-06  0.538418E-04  0.544534E-04  0.141093E-04  0.201719E-05  0.161265E-04  0.592148E-02  0.599853E-02  0.600176E-02  0.372346E+06
00040300  0.626883E-06  0.538658E-04  0.544927E-04  0.141093E-04  0.201719E-05  0.161265E-04  0.591840E-02  0.599846E-02  0.600188E-02  0.381975E+06
00040400  0.638188E-06  0.538882E-04  0.545264E-04  0.141093E-04  0.201719E-05  0.161265E-04  0.591529E-02  0.599838E-02  0.600200E-02  0.382338E+06
00040500  0.651506E-06  0.539078E-04  0.545593E-04  0.141093E-04  0.201719E-05  0.161265E-04  0.591214E-02  0.599830E-02  0.600212E-02  0.388237E+06
00040600  0.665504E-06  0.539249E-04  0.545904E-04  0.141093E-04  0.201719E-05  0.161265E-04  0.590899E-02  0.599822E-02  0.600225E-02  0.387026E+06
00040700  0.677552E-06  0.539406E-04  0.546181E-04  0.141093E-04  0.201719E-05  0.161265E-04  0.590581E-02  0.599812E-02  0.600239E-02  0.384820E+06
00040800  0.689057E-06  0.539542E-04  0.546432E-04  0.141093E-04  0.201719E-05  0.161265E-04  0.590263E-02  0.599803E-02  0.600253E-02  0.365408E+06
00040900  0.690228E-06  0.539675E-04  0.546577E-04  0.141093E-04  0.201719E-05  0.161265E-04  0.589947E-02  0.599792E-02  0.600266E-02  0.367529E+06
00041000  0.684008E-06  0.539816E-04  0.546656E-04  0.141093E-04  0.201719E-05  0.161265E-04  0.589631E-02  0.599782E-02  0.600279E-02  0.378167E+06
00041100  0.669764E-06  0.539938E-04  0.546636E-04  0.141093E-04  0.201719E-05  0.161265E-04  0.589315E-02  0.599773E-02  0.600289E-02  0.392040E+06
00041200  0.652067E-06  0.540033E-04  0.546554E-04  0.141093E-04  0.201719E-05  0.161265E-04  0.589000E-02  0.599762E-02  0.600298E-02  0.377985E+06
00041300  0.636092E-06  0.540100E-04  0.546461E-04  0.141093E-04  0.201719E-05  0.161265E-04  0.588688E-02  0.599752E-02  0.600305E-02  0.345963E+06
00041400  0.625506E-06  0.540139E-04  0.546394E-04  0.141093E-04  0.201719E-05  0.161265E-04  0.588381E-02  0.599740E-02  0.600311E-02  0.322027E+06
00041500  0.616975E-06  0.540155E-04  0.546324E-04  0.141093E-04  0.201719E-05  0.161265E-04  0.588079E-02  0.599728E-02  0.600315E-02  0.314058E+06
00041600  0.610686E-06  0.540144E-04  0.546251E-04  0.141093E-04  0.201719E-05  0.161265E-04  0.587784E-02  0.599715E-02  0.600318E-02  0.323875E+06
00041700  0.606428E-06  0.540114E-04  0.546178E-04  0.141093E-04  0.201719E-05  0.161265E-04  0.587491E-02  0.599702E-02  0.600321E-02  0.341311E+06
00041800  0.604584E-06  0.540069E-04  0.546115E-04  0.141093E-04  0.201719E-05  0.161265E-04  0.587199E-02  0.599689E-02  0.600322E-02  0.340607E+06
00041900  0.606608E-06  0.540014E-04  0.546080E-04  0.141093E-04  0.201719E-05  0.161265E-04  0.586906E-02  0.599674E-02  0.600322E-02  0.346124E+06
00042000  0.611564E-06  0.539943E-04  0.546059E-04  0.141093E-04  0.201719E-05  0.161265E-04  0.586609E-02  0.599659E-02  0.600323E-02  0.347062E+06
00042100  0.619551E-06  0.539855E-04  0.546051E-04  0.141093E-04  0.201719E-05  0.161265E-04  0.586308E-02  0.599642E-02  0.600323E-02  0.343926E+06
00042200  0.631851E-06  0.539729E-04  0.546048E-04  0.141093E-04  0.201719E-05  0.161265E-04  0.586001E-02  0.599626E-02  0.600324E-02  0.344491E+06
00042300  0.636427E-06  0.539599E-04  0.545963E-04  0.141093E-04  0.201719E-05  0.161265E-04  0.585693E-02  0.599609E-02  0.600326E-02  0.332103E+06
00042400  0.644444E-06  0.539451E-04  0.545896E-04  0.141093E-04  0.201719E-05  0.161265E-04  0.585387E-02  0.599594E-02  0.600329E-02  0.316157E+06
00042500  0.632905E-06  0.539285E-04  0.545614E-04  0.141093E-04  0.201719E-05  0.161265E-04  0.585085E-02  0.599578E-02  0.600331E-02  0.317837E+06
00042600  0.635590E-06  0.539092E-04  0.545448E-04  0.141093E-04  0.201719E-05  0.161265E-04  0.584786E-02  0.599564E-02  0.600332E-02  0.318278E+06
00042700  0.646101E-06  0.538876E-04  0.545337E-04  0.141093E-04  0.201719E-05  0.161265E-04  0.584490E-02  0.599551E-02  0.600332E-02  0.316040E+06
00042800  0.660484E-06  0.538636E-04  0.545241E-04  0.141093E-04  0.201719E-05  0.161265E-04  0.584198E-02  0.599538E-02  0.600331E-02  0.314611E+06
00042900  0.676498E-06  0.538372E-04  0.545137E-04  0.141093E-04  0.201719E-05  0.161265E-04  0.583910E-02  0.599523E-02  0.600330E-02  0.313695E+06
00043000  0.694342E-06  0.538089E-04  0.545032E-04  0.141093E-04  0.201719E-05  0.161265E-04  0.583624E-02  0.599509E-02  0.600330E-02  0.312638E+06
00043100  0.711680E-06  0.537784E-04  0.544901E-04  0.141093E-04  0.201719E-05  0.161265E-04  0.583341E-02  0.599493E-02  0.600329E-02  0.311224E+06
00043200  0.734093E-06  0.537450E-04  0.544791E-04  0.141093E-04  0.201719E-05  0.161265E-04  0.583060E-02  0.599478E-02  0.600329E-02  0.307262E+06
00043300  0.754010E-06  0.537104E-04  0.544644E-04  0.141093E-04  0.201719E-05  0.161265E-04  0.582787E-02  0.599462E-02  0.600329E-02  0.298671E+06
00043400  0.775149E-06  0.536755E-04  0.544506E-04  0.141093E-04  0.201719E-05  0.161265E-04  0.582524E-02  0.599448E-02  0.600330E-02  0.318669E+06
00043500  0.801516E-06  0.536413E-04  0.544428E-04  0.141093E-04  0.201719E-05  0.161265E-04  0.582268E-02  0.599437E-02  0.600330E-02  0.301339E+06
00043600  0.829247E-06  0.536108E-04  0.544400E-04  0.141093E-04  0.201719E-05  0.161265E-04  0.582022E-02  0.599427E-02  0.600330E-02  0.372438E+06
00043700  0.858163E-06  0.535881E-04  0.544463E-04  0.141093E-04  0.201719E-05  0.161265E-04  0.581789E-02  0.599419E-02  0.600330E-02  0.486139E+06
00043800  0.881310E-06  0.535761E-04  0.544574E-04  0.141093E-04  0.201719E-05  0.161265E-04  0.581569E-02  0.599410E-02  0.600328E-02  0.425111E+06
00043900  0.904195E-06  0.535726E-04  0.544768E-04  0.141093E-04  0.201719E-05  0.161265E-04  0.581361E-02  0.599401E-02  0.600326E-02  0.415974E+06
00044000  0.918900E-06  0.535758E-04  0.544947E-04  0.141093E-04  0.201719E-05  0.161265E-04  0.581167E-02  0.599391E-02  0.600324E-02  0.501437E+06
00044100  0.920391E-06  0.535820E-04  0.545024E-04  0.141093E-04  0.201719E-05  0.161265E-04  0.580985E-02  0.599380E-02  0.600320E-02  0.390059E+06
00044200  0.911972E-06  0.535886E-04  0.545005E-04  0.141093E-04  0.201719E-05  0.161265E-04  0.580814E-02  0.599368E-02  0.600316E-02  0.352717E+06
00044300  0.904594E-06  0.535944E-04  0.544990E-04  0.141093E-04  0.201719E-05  0.161265E-04  0.580655E-02  0.599355E-02  0.600310E-02  0.396537E+06
00044400  0.895354E-06  0.535990E-04  0.544943E-04  0.141093E-04  0.201719E-05  0.161265E-04  0.580507E-02  0.599342E-02  0.600303E-02  0.262981E+06
00044500  0.883249E-06  0.536020E-04  0.544852E-04  0.141093E-04  0.201719E-05  0.161265E-04  0.580370E-02  0.599328E-02  0.600297E-02  0.243270E+06
00044600  0.877974E-06  0.536030E-04  0.544810E-04  0.141093E-04  0.201719E-05  0.161265E-04  0.580242E-02  0.599315E-02  0.600292E-02  0.290129E+06
00044700  0.870761E-06  0.536036E-04  0.544744E-04  0.141093E-04  0.201719E-05  0.161265E-04  0.580119E-02  0.599302E-02  0.600286E-02  0.252760E+06
00044800  0.870107E-06  0.536033E-04  0.544734E-04  0.141093E-04  0.201719E-05  0.161265E-04  0.579999E-02  0.599287E-02  0.600279E-02  0.268333E+06
00044900  0.865018E-06  0.536024E-04  0.544674E-04  0.141093E-04  0.201719E-05  0.161265E-04  0.579883E-02  0.599272E-02  0.600273E-02  0.261058E+06
00045000  0.856168E-06  0.536015E-04  0.544576E-04  0.141093E-04  0.201719E-05  0.161265E-04  0.579767E-02  0.599255E-02  0.600267E-02  0.267075E+06
00045100  0.850312E-06  0.536014E-04  0.544517E-04  0.141093E-04  0.201719E-05  0.161265E-04  0.579650E-02  0.599238E-02  0.600262E-02  0.268085E+06
00045200  0.847355E-06  0.536003E-04  0.544476E-04  0.141093E-04  0.201719E-05  0.161265E-04  0.579530E-02  0.599219E-02  0.600258E-02  0.265686E+06
00045300  0.841877E-06  0.535984E-04  0.544403E-04  0.141093E-04  0.201719E-05  0.161265E-04  0.579406E-02  0.599197E-02  0.600256E-02  0.256628E+06
00045400  0.835826E-06  0.535967E-04  0.544325E-04  0.141093E-04  0.201719E-05  0.161265E-04  0.579279E-02  0.599172E-02  0.600257E-02  0.309206E+06
00045500  0.828672E-06  0.535954E-04  0.544241E-04  0.141093E-04  0.201719E-05  0.161265E-04  0.579148E-02  0.599146E-02  0.600259E-02  0.276111E+06
00045600  0.815522E-06  0.535947E-04  0.544103E-04  0.141093E-04  0.201719E-05  0.161265E-04  0.579016E-02  0.599115E-02  0.600263E-02  0.288906E+06
00045700  0.810942E-06  0.535944E-04  0.544054E-04  0.141093E-04  0.201719E-05  0.161265E-04  0.578883E-02  0.599084E-02  0.600270E-02  0.276032E+06
00045800  0.811687E-06  0.535951E-04  0.544067E-04  0.141093E-04  0.201719E-05  0.161265E-04  0.578748E-02  0.599052E-02  0.600278E-02  0.266656E+06
00045900  0.812348E-06  0.535957E-04  0.544081E-04  0.141093E-04  0.201719E-05  0.161265E-04  0.578614E-02  0.599020E-02  0.600289E-02  0.249781E+06
00046000  0.810085E-06  0.535971E-04  0.544072E-04  0.141093E-04  0.201719E-05  0.161265E-04  0.578481E-02  0.598989E-02  0.600298E-02  0.246845E+06
00046100  0.806759E-06  0.536001E-04  0.544068E-04  0.141093E-04  0.201719E-05  0.161265E-04  0.578352E-02  0.598959E-02  0.600307E-02  0.290547E+06
00046200  0.804203E-06  0.536043E-04  0.544085E-04  0.141093E-04  0.201719E-05  0.161265E-04  0.578226E-02  0.598930E-02  0.600316E-02  0.270664E+06
00046300  0.800254E-06  0.536099E-04  0.544101E-04  0.141093E-04  0.201719E-05  0.161265E-04  0.578105E-02  0.598901E-02  0.600323E-02  0.257096E+06
00046400  0.797619E-06  0.536163E-04  0.544139E-04  0.141093E-04  0.201719E-05  0.161265E-04  0.577988E-02  0.598874E-02  0.600329E-02  0.255109E+06
00046500  0.790438E-06  0.536227E-04  0.544131E-04  0.141093E-04  0.201719E-05  0.161265E-04  0.577875E-02  0.598846E-02  0.600334E-02  0.257639E+06
00046600  0.785652E-06  0.536296E-04  0.544153E-04  0.141093E-04  0.201719E-05  0.161265E-04  0.577764E-02  0.598817E-02  0.600339E-02  0.255228E+06
00046700  0.784085E-06  0.536361E-04  0.544202E-04  0.141093E-04  0.201719E-05  0.161265E-04  0.577655E-02  0.598788E-02  0.600343E-02  0.259828E+06
00046800  0.784713E-06  0.536420E-04  0.544267E-04  0.141093E-04  0.201719E-05  0.161265E-04  0.577547E-02  0.598758E-02  0.600346E-02  0.263859E+06
00046900  0.787249E-06  0.536472E-04  0.544344E-04  0.141093E-04  0.201719E-05  0.161265E-04  0.577440E-02  0.598724E-02  0.600348E-02  0.268336E+06
00047000  0.792608E-06  0.536522E-04  0.544448E-04  0.141093E-04  0.201719E-05  0.161265E-04  0.577335E-02  0.598689E-02  0.600349E-02  0.271738E+06
00047100  0.798319E-06  0.536576E-04  0.544559E-04  0.141093E-04  0.201719E-05  0.161265E-04  0.577231E-02  0.598652E-02  0.600347E-02  0.276253E+06
00047200  0.802312E-06  0.536629E-04  0.544652E-04  0.141093E-04  0.201719E-05  0.161265E-04  0.577129E-02  0.598617E-02  0.600343E-02  0.279276E+06
00047300  0.801689E-06  0.536679E-04  0.544696E-04  0.141093E-04  0.201719E-05  0.161265E-04  0.577028E-02  0.598583E-02  0.600338E-02  0.283546E+06
00047400  0.800925E-06  0.536720E-04  0.544729E-04  0.141093E-04  0.201719E-05  0.161265E-04  0.576926E-02  0.598549E-02  0.600333E-02  0.286729E+06
00047500  0.797633E-06  0.536754E-04  0.544731E-04  0.141093E-04  0.201719E-05  0.161265E-04  0.576824E-02  0.598511E-02  0.600329E-02  0.287103E+06
00047600  0.792251E-06  0.536785E-04  0.544708E-04  0.141093E-04  0.201719E-05  0.161265E-04  0.576720E-02  0.598470E-02  0.600327E-02  0.287187E+06
00047700  0.787218E-06  0.536815E-04  0.544687E-04  0.141093E-04  0.201719E-05  0.161265E-04  0.576614E-02  0.598424E-02  0.600328E-02  0.287836E+06
00047800  0.779491E-06  0.536848E-04  0.544643E-04  0.141093E-04  0.201719E-05  0.161265E-04  0.576505E-02  0.598376E-02  0.600330E-02  0.291082E+06
00047900  0.772488E-06  0.536884E-04  0.544609E-04  0.141093E-04  0.201719E-05  0.161265E-04  0.576393E-02  0.598323E-02  0.600334E-02  0.293195E+06
00048000  0.766474E-06  0.536925E-04  0.544589E-04  0.141093E-04  0.201719E-05  0.161265E-04  0.576278E-02  0.598267E-02  0.600340E-02  0.295000E+06
00048100  0.764494E-06  0.536963E-04  0.544608E-04  0.141093E-04  0.201719E-05  0.161265E-04  0.576158E-02  0.598208E-02  0.600347E-02  0.295514E+06
00048200  0.765080E-06  0.537001E-04  0.544652E-04  0.141093E-04  0.201719E-05  0.161265E-04  0.576035E-02  0.598144E-02  0.600355E-02  0.294171E+06
00048300  0.766200E-06  0.537041E-04  0.544703E-04  0.141093E-04  0.201719E-05  0.161265E-04  0.575906E-02  0.598078E-02  0.600364E-02  0.292132E+06
00048400  0.767482E-06  0.537077E-04  0.544752E-04  0.141093E-04  0.201719E-05  0.161265E-04  0.575774E-02  0.598007E-02  0.600375E-02  0.289179E+06
00048500  0.766326E-06  0.537112E-04  0.544775E-04  0.141093E-04  0.201719E-05  0.161265E-04  0.575639E-02  0.597934E-02  0.600387E-02  0.287426E+06
00048600  0.760585E-06  0.537153E-04  0.544759E-04  0.141093E-04  0.201719E-05  0.161265E-04  0.575500E-02  0.597860E-02  0.600400E-02  0.285439E+06
00048700  0.754436E-06  0.537195E-04  0.544739E-04  0.141093E-04  0.201719E-05  0.161265E-04  0.575359E-02  0.597783E-02  0.600414E-02  0.288295E+06
00048800  0.751568E-06  0.537239E-04  0.544754E-04  0.141093E-04  0.201719E-05  0.161265E-04  0.575216E-02  0.597701E-02  0.600427E-02  0.294607E+06
00048900  0.751338E-06  0.537286E-04  0.544800E-04  0.141093E-04  0.201719E-05  0.161265E-04  0.575070E-02  0.597615E-02  0.600440E-02  0.301596E+06
00049000  0.759623E-06  0.537333E-04  0.544930E-04  0.141093E-04  0.201719E-05  0.161265E-04  0.574922E-02  0.597526E-02  0.600450E-02  0.304269E+06
00049100  0.777236E-06  0.537388E-04  0.545160E-04  0.141093E-04  0.201719E-05  0.161265E-04  0.574776E-02  0.597437E-02  0.600459E-02  0.304833E+06
00049200  0.789530E-06  0.537436E-04  0.545331E-04  0.141093E-04  0.201719E-05  0.161265E-04  0.574693E-02  0.597350E-02  0.600465E-02  0.305492E+06
00049300  0.804762E-06  0.537495E-04  0.545543E-04  0.141093E-04  0.201719E-05  0.161265E-04  0.574623E-02  0.597260E-02  0.600471E-02  0.305206E+06
00049400  0.819392E-06  0.537568E-04  0.545762E-04  0.141093E-04  0.201719E-05  0.161265E-04  0.574554E-02  0.597166E-02  0.600475E-02  0.307293E+06
00049500  0.828286E-06  0.537642E-04  0.545925E-04  0.141093E-04  0.201719E-05  0.161265E-04  0.574483E-02  0.597069E-02  0.600478E-02  0.314003E+06
00049600  0.831863E-06  0.537710E-04  0.546029E-04  0.141093E-04  0.201719E-05  0.161265E-04  0.574405E-02  0.596967E-02  0.600481E-02  0.320445E+06
00049700  0.848084E-06  0.537750E-04  0.546231E-04  0.141093E-04  0.201719E-05  0.161265E-04  0.574324E-02  0.596860E-02  0.600482E-02  0.829438E+06
00049800  0.645108E-06  0.537798E-04  0.544249E-04  0.140935E-04  0.201721E-05  0.161107E-04  0.573511E-02  0.596514E-02  0.600544E-02  0.330639E+06
00049900  0.651495E-06  0.537863E-04  0.544378E-04  0.140935E-04  0.201721E-05  0.161107E-04  0.573340E-02  0.596413E-02  0.600539E-02  0.332278E+06
00050000  0.653281E-06  0.537940E-04  0.544473E-04  0.140935E-04  0.201721E-05  0.161107E-04  0.573168E-02  0.596311E-02  0.600531E-02  0.339350E+06
