# Timestep Ixx Iyy Izz Ixy Ixz Iyz Wall Velocity
00000000  0.130772E-13  0.130772E-13  0.130772E-13  0.000000E+00  0.986076E-31 -0.986076E-31  0.500000E+01
00000100  0.130799E-13  0.130773E-13  0.130773E-13 -0.153828E-26  0.248363E-26  0.153037E-23  0.500000E+01
00000200  0.130892E-13  0.130757E-13  0.130756E-13 -0.308464E-26  0.503658E-26  0.487314E-23  0.500000E+01
00000300  0.131039E-13  0.130720E-13  0.130719E-13 -0.459689E-26  0.758460E-26  0.942444E-23  0.500000E+01
00000400  0.131227E-13  0.130658E-13  0.130656E-13 -0.603242E-26  0.100400E-25  0.149284E-22  0.500000E+01
00000500  0.131449E-13  0.130567E-13  0.130564E-13 -0.737585E-26  0.123730E-25  0.210751E-22  0.500000E+01
00000600  0.131702E-13  0.130447E-13  0.130443E-13 -0.862284E-26  0.145699E-25  0.278429E-22  0.500000E+01
00000700  0.131986E-13  0.130301E-13  0.130297E-13 -0.978543E-26  0.166468E-25  0.354688E-22  0.500000E+01
00000800  0.132301E-13  0.130137E-13  0.130132E-13 -0.108739E-25  0.186036E-25  0.442802E-22  0.500000E+01
00000900  0.132650E-13  0.129961E-13  0.129955E-13 -0.118970E-25  0.204562E-25  0.546668E-22  0.500000E+01
00001000  0.133032E-13  0.129779E-13  0.129773E-13 -0.128675E-25  0.222133E-25  0.668084E-22  0.500000E+01
00001100  0.133450E-13  0.129596E-13  0.129589E-13 -0.138165E-25  0.239085E-25  0.812717E-22  0.500000E+01
00001200  0.133904E-13  0.129414E-13  0.129406E-13 -0.147507E-25  0.255343E-25  0.991748E-22  0.500000E+01
00001300  0.134397E-13  0.129235E-13  0.129228E-13 -0.156883E-25  0.271119E-25  0.121939E-21  0.500000E+01
00001400  0.134931E-13  0.129061E-13  0.129054E-13 -0.165777E-25  0.286271E-25  0.150419E-21  0.500000E+01
00001500  0.135509E-13  0.128892E-13  0.128886E-13 -0.173640E-25  0.299903E-25  0.182359E-21  0.500000E+01
00001600  0.136134E-13  0.128727E-13  0.128720E-13 -0.180736E-25  0.311573E-25  0.211478E-21  0.500000E+01
00001700  0.136812E-13  0.128562E-13  0.128555E-13 -0.186816E-25  0.320639E-25  0.229336E-21  0.500000E+01
00001800  0.137541E-13  0.128390E-13  0.128384E-13 -0.192038E-25  0.327161E-25  0.241760E-21  0.500000E+01
00001900  0.138311E-13  0.128205E-13  0.128200E-13 -0.197063E-25  0.331685E-25  0.252348E-21  0.500000E+01
00002000  0.139122E-13  0.127994E-13  0.127990E-13 -0.202806E-25  0.334455E-25  0.261892E-21  0.500000E+01
00002100  0.139986E-13  0.127748E-13  0.127745E-13 -0.208602E-25  0.336420E-25  0.272897E-21  0.500000E+01
00002200  0.140933E-13  0.127461E-13  0.127459E-13 -0.214065E-25  0.337410E-25  0.285402E-21  0.500000E+01
00002300  0.141966E-13  0.127125E-13  0.127123E-13 -0.219461E-25  0.337432E-25  0.299050E-21  0.500000E+01
00002400  0.143075E-13  0.126769E-13  0.126767E-13 -0.225068E-25  0.336875E-25  0.312482E-21  0.500000E+01
00002500  0.144271E-13  0.126442E-13  0.126439E-13 -0.230590E-25  0.335328E-25  0.326891E-21  0.500000E+01
00002600  0.145549E-13  0.126168E-13  0.126164E-13 -0.235554E-25  0.332217E-25  0.341558E-21  0.500000E+01
00002700  0.146894E-13  0.125937E-13  0.125933E-13 -0.239768E-25  0.327542E-25  0.352779E-21  0.500000E+01
00002800  0.148293E-13  0.125734E-13  0.125730E-13 -0.243279E-25  0.321539E-25  0.359626E-21  0.500000E+01
00002900  0.149742E-13  0.125544E-13  0.125537E-13 -0.246302E-25  0.314189E-25  0.361222E-21  0.500000E+01
00003000  0.151221E-13  0.125357E-13  0.125349E-13 -0.249674E-25  0.309065E-25  0.361093E-21  0.500000E+01
00003100  0.152738E-13  0.125167E-13  0.125159E-13 -0.252984E-25  0.304109E-25  0.358665E-21  0.500000E+01
00003200  0.154287E-13  0.124981E-13  0.124974E-13 -0.254978E-25  0.295773E-25  0.359368E-21  0.500000E+01
00003300  0.155847E-13  0.124918E-13  0.124912E-13 -0.256250E-25  0.282676E-25  0.367120E-21  0.500000E+01
00003400  0.157413E-13  0.124895E-13  0.124890E-13 -0.254810E-25  0.263870E-25  0.370536E-21  0.500000E+01
00003500  0.158970E-13  0.124891E-13  0.124886E-13 -0.252802E-25  0.245088E-25  0.375182E-21  0.500000E+01
00003600  0.160520E-13  0.124901E-13  0.124896E-13 -0.254412E-25  0.235834E-25  0.380928E-21  0.500000E+01
00003700  0.162064E-13  0.124912E-13  0.124907E-13 -0.260326E-25  0.236278E-25  0.386733E-21  0.500000E+01
00003800  0.163602E-13  0.124919E-13  0.124912E-13 -0.266931E-25  0.238063E-25  0.394805E-21  0.500000E+01
00003900  0.165137E-13  0.124929E-13  0.124922E-13 -0.270546E-25  0.234614E-25  0.403464E-21  0.500000E+01
00004000  0.166664E-13  0.124954E-13  0.124947E-13 -0.269394E-25  0.224125E-25  0.408244E-21  0.500000E+01
00004100  0.168178E-13  0.124998E-13  0.124992E-13 -0.264598E-25  0.208861E-25  0.411258E-21  0.500000E+01
00004200  0.169688E-13  0.125060E-13  0.125056E-13 -0.258464E-25  0.190886E-25  0.416305E-21  0.500000E+01
00004300  0.171207E-13  0.125133E-13  0.125131E-13 -0.252128E-25  0.172728E-25  0.420798E-21  0.500000E+01
00004400  0.172734E-13  0.125205E-13  0.125204E-13 -0.245367E-25  0.154746E-25  0.426162E-21  0.500000E+01
00004500  0.174270E-13  0.125266E-13  0.125266E-13 -0.237936E-25  0.136711E-25  0.432702E-21  0.500000E+01
00004600  0.175815E-13  0.125312E-13  0.125313E-13 -0.229081E-25  0.117131E-25  0.439847E-21  0.500000E+01
00004700  0.177364E-13  0.125404E-13  0.125405E-13 -0.219814E-25  0.100478E-25  0.447164E-21  0.500000E+01
00004800  0.178920E-13  0.125590E-13  0.125589E-13 -0.213150E-25  0.871169E-26  0.454698E-21  0.500000E+01
00004900  0.180491E-13  0.125803E-13  0.125801E-13 -0.207829E-25  0.745128E-26  0.464103E-21  0.500000E+01
00005000  0.182064E-13  0.126047E-13  0.126043E-13 -0.201394E-25  0.586035E-26  0.474642E-21  0.500000E+01
00005100  0.183613E-13  0.126302E-13  0.126295E-13 -0.187917E-25  0.332623E-26  0.480340E-21  0.500000E+01
00005200  0.185099E-13  0.126547E-13  0.126534E-13 -0.170830E-25  0.257464E-27  0.487865E-21  0.500000E+01
00005300  0.186508E-13  0.126776E-13  0.126757E-13 -0.154798E-25 -0.265994E-26  0.500822E-21  0.500000E+01
00005400  0.187833E-13  0.126984E-13  0.126959E-13 -0.138569E-25 -0.558533E-26  0.516468E-21  0.500000E+01
00005500  0.189068E-13  0.127173E-13  0.127140E-13 -0.121203E-25 -0.864113E-26  0.535369E-21  0.500000E+01
00005600  0.190204E-13  0.127345E-13  0.127305E-13 -0.102122E-25 -0.118849E-25  0.556814E-21  0.500000E+01
00005700  0.191238E-13  0.127501E-13  0.127454E-13 -0.813138E-26 -0.152975E-25  0.579895E-21  0.500000E+01
00005800  0.192175E-13  0.127642E-13  0.127588E-13 -0.584211E-26 -0.188990E-25  0.603788E-21  0.500000E+01
00005900  0.193029E-13  0.127774E-13  0.127712E-13 -0.329981E-26 -0.228817E-25  0.627206E-21  0.500000E+01
00006000  0.193804E-13  0.127899E-13  0.127826E-13 -0.428351E-27 -0.276064E-25  0.651255E-21  0.500000E+01
00006100  0.194497E-13  0.128017E-13  0.127933E-13  0.352226E-26 -0.341904E-25  0.675968E-21  0.500000E+01
00006200  0.195085E-13  0.128123E-13  0.128027E-13  0.906697E-26 -0.431496E-25  0.703743E-21  0.500000E+01
00006300  0.195566E-13  0.128223E-13  0.128115E-13  0.147809E-25 -0.523005E-25  0.734233E-21  0.500000E+01
00006400  0.195955E-13  0.128330E-13  0.128211E-13  0.199352E-25 -0.606952E-25  0.766823E-21  0.500000E+01
00006500  0.196249E-13  0.128441E-13  0.128313E-13  0.250285E-25 -0.690833E-25  0.802846E-21  0.500000E+01
00006600  0.196447E-13  0.128553E-13  0.128419E-13  0.300923E-25 -0.775243E-25  0.842928E-21  0.500000E+01
00006700  0.196545E-13  0.128660E-13  0.128523E-13  0.351115E-25 -0.859771E-25  0.886535E-21  0.500000E+01
00006800  0.196548E-13  0.128761E-13  0.128621E-13  0.400723E-25 -0.945590E-25 -0.445817E-21  0.500000E+01
00006900  0.196472E-13  0.128845E-13  0.128706E-13  0.451022E-25 -0.103287E-24 -0.235562E-20  0.500000E+01
00007000  0.196326E-13  0.128911E-13  0.128775E-13  0.499375E-25 -0.111729E-24 -0.428109E-20  0.500000E+01
00007100  0.196109E-13  0.128961E-13  0.128830E-13  0.543658E-25 -0.119472E-24 -0.609138E-20  0.500000E+01
00007200  0.195827E-13  0.129002E-13  0.128881E-13  0.584499E-25 -0.126577E-24 -0.792698E-20  0.500000E+01
00007300  0.195479E-13  0.129038E-13  0.128926E-13  0.622622E-25 -0.132987E-24 -0.100029E-19  0.500000E+01
00007400  0.195053E-13  0.129055E-13  0.128953E-13  0.665730E-25 -0.139651E-24 -0.123855E-19  0.500000E+01
00007500  0.194553E-13  0.129059E-13  0.128973E-13  0.713666E-25 -0.146764E-24 -0.148878E-19  0.500000E+01
00007600  0.194004E-13  0.129062E-13  0.128992E-13  0.767646E-25 -0.155108E-24 -0.172147E-19  0.500000E+01
00007700  0.193410E-13  0.129064E-13  0.129014E-13  0.826505E-25 -0.164093E-24 -0.195629E-19  0.500000E+01
00007800  0.192781E-13  0.129059E-13  0.129032E-13  0.883148E-25 -0.172381E-24 -0.230214E-19  0.500000E+01
00007900  0.192152E-13  0.129049E-13  0.129046E-13  0.940013E-25 -0.180698E-24 -0.276944E-19  0.500000E+01
00008000  0.191573E-13  0.129022E-13  0.129039E-13  0.988167E-25 -0.190185E-24 -0.311657E-19  0.500000E+01
00008100  0.191084E-13  0.129006E-13  0.129034E-13  0.101580E-24 -0.200932E-24 -0.309530E-19  0.500000E+01
00008200  0.190660E-13  0.128996E-13  0.129033E-13  0.104620E-24 -0.213518E-24 -0.245050E-19  0.500000E+01
00008300  0.190279E-13  0.128983E-13  0.129035E-13  0.109882E-24 -0.230862E-24 -0.231515E-19  0.500000E+01
00008400  0.189937E-13  0.128967E-13  0.129047E-13  0.116349E-24 -0.254634E-24 -0.219234E-19  0.500000E+01
00008500  0.189582E-13  0.128925E-13  0.129054E-13  0.124941E-24 -0.281118E-24 -0.199856E-19  0.500000E+01
00008600  0.189198E-13  0.128852E-13  0.129043E-13  0.135760E-24 -0.310244E-24 -0.135384E-19  0.500000E+01
00008700  0.188807E-13  0.128757E-13  0.129025E-13  0.149234E-24 -0.342457E-24 -0.635759E-20  0.500000E+01
00008800  0.188427E-13  0.128639E-13  0.129001E-13  0.164916E-24 -0.377151E-24  0.612342E-20  0.500000E+01
00008900  0.188074E-13  0.128514E-13  0.128969E-13  0.181066E-24 -0.410995E-24  0.239306E-19  0.500000E+01
00009000  0.187744E-13  0.128399E-13  0.128924E-13  0.194479E-24 -0.438627E-24  0.468427E-19  0.500000E+01
00009100  0.187394E-13  0.128311E-13  0.128865E-13  0.198885E-24 -0.453189E-24  0.621413E-19  0.500000E+01
00009200  0.186967E-13  0.128237E-13  0.128808E-13  0.199766E-24 -0.459318E-24  0.454964E-19  0.500000E+01
00009300  0.186461E-13  0.128166E-13  0.128749E-13  0.199788E-24 -0.459162E-24  0.188106E-19  0.500000E+01
00009400  0.185895E-13  0.128099E-13  0.128692E-13  0.200662E-24 -0.452839E-24 -0.119006E-19  0.500000E+01
00009500  0.185270E-13  0.128032E-13  0.128638E-13  0.198436E-24 -0.442699E-24 -0.441483E-19  0.500000E+01
00009600  0.184561E-13  0.127956E-13  0.128592E-13  0.192166E-24 -0.435610E-24 -0.734909E-19  0.500000E+01
00009700  0.183747E-13  0.127852E-13  0.128546E-13  0.181350E-24 -0.433902E-24 -0.100265E-18  0.500000E+01
00009800  0.182829E-13  0.127727E-13  0.128476E-13  0.166520E-24 -0.437273E-24 -0.132588E-18  0.500000E+01
00009900  0.181835E-13  0.127596E-13  0.128377E-13  0.148545E-24 -0.449553E-24 -0.154604E-18  0.500000E+01
00010000  0.180776E-13  0.127453E-13  0.128245E-13  0.136789E-24 -0.466683E-24 -0.153748E-18  0.500000E+01
00010100  0.179683E-13  0.127298E-13  0.128088E-13  0.133411E-24 -0.491975E-24 -0.144399E-18  0.500000E+01
00010200  0.178613E-13  0.127140E-13  0.127928E-13  0.134986E-24 -0.511812E-24 -0.136603E-18  0.500000E+01
00010300  0.177614E-13  0.126998E-13  0.127781E-13  0.137203E-24 -0.522119E-24 -0.133590E-18  0.500000E+01
00010400  0.176694E-13  0.126866E-13  0.127648E-13  0.141802E-24 -0.537849E-24 -0.135231E-18  0.500000E+01
00010500  0.175864E-13  0.126739E-13  0.127538E-13  0.139877E-24 -0.559638E-24 -0.142338E-18  0.500000E+01
00010600  0.175139E-13  0.126616E-13  0.127471E-13  0.137080E-24 -0.585426E-24 -0.153770E-18  0.500000E+01
00010700  0.174527E-13  0.126503E-13  0.127447E-13  0.150200E-24 -0.616592E-24 -0.155932E-18  0.500000E+01
00010800  0.174027E-13  0.126405E-13  0.127449E-13  0.169396E-24 -0.652826E-24 -0.151969E-18  0.500000E+01
00010900  0.173634E-13  0.126324E-13  0.127470E-13  0.195962E-24 -0.698193E-24 -0.144262E-18  0.500000E+01
00011000  0.173351E-13  0.126254E-13  0.127505E-13  0.232412E-24 -0.752748E-24 -0.135783E-18  0.500000E+01
00011100  0.173170E-13  0.126189E-13  0.127544E-13  0.274755E-24 -0.814999E-24 -0.125527E-18  0.500000E+01
00011200  0.173085E-13  0.126127E-13  0.127587E-13  0.319653E-24 -0.881208E-24 -0.108982E-18  0.500000E+01
00011300  0.173089E-13  0.126067E-13  0.127636E-13  0.365946E-24 -0.947952E-24 -0.925311E-19  0.500000E+01
00011400  0.173172E-13  0.126011E-13  0.127691E-13  0.413779E-24 -0.101320E-23 -0.760915E-19  0.500000E+01
00011500  0.173328E-13  0.125966E-13  0.127753E-13  0.460993E-24 -0.107561E-23 -0.597830E-19  0.500000E+01
00011600  0.173560E-13  0.125944E-13  0.127826E-13  0.505359E-24 -0.113404E-23 -0.437208E-19  0.500000E+01
00011700  0.173875E-13  0.125956E-13  0.127918E-13  0.544449E-24 -0.118710E-23 -0.284758E-19  0.500000E+01
00011800  0.174278E-13  0.126004E-13  0.128040E-13  0.578129E-24 -0.123793E-23 -0.114338E-19  0.500000E+01
00011900  0.174750E-13  0.126064E-13  0.128200E-13  0.613119E-24 -0.129184E-23  0.888164E-20  0.500000E+01
00012000  0.175281E-13  0.126134E-13  0.128381E-13  0.653614E-24 -0.133435E-23  0.291229E-19  0.500000E+01
00012100  0.175878E-13  0.126223E-13  0.128571E-13  0.691496E-24 -0.136818E-23  0.496144E-19  0.500000E+01
00012200  0.176538E-13  0.126326E-13  0.128764E-13  0.730265E-24 -0.139530E-23  0.702605E-19  0.500000E+01
00012300  0.177262E-13  0.126431E-13  0.128955E-13  0.767291E-24 -0.142027E-23  0.854685E-19  0.500000E+01
00012400  0.178056E-13  0.126535E-13  0.129152E-13  0.804747E-24 -0.144602E-23  0.965728E-19  0.500000E+01
00012500  0.178919E-13  0.126633E-13  0.129360E-13  0.847924E-24 -0.150017E-23  0.975544E-19  0.500000E+01
00012600  0.179849E-13  0.126723E-13  0.129580E-13  0.899417E-24 -0.158298E-23  0.874168E-19  0.500000E+01
00012700  0.180842E-13  0.126810E-13  0.129816E-13  0.962685E-24 -0.168978E-23  0.724483E-19  0.500000E+01
00012800  0.181892E-13  0.126895E-13  0.130072E-13  0.104035E-23 -0.182391E-23  0.643539E-19  0.500000E+01
00012900  0.182985E-13  0.126977E-13  0.130349E-13  0.112448E-23 -0.198331E-23  0.655595E-19  0.500000E+01
00013000  0.184096E-13  0.127056E-13  0.130638E-13  0.121131E-23 -0.216409E-23  0.800329E-19  0.500000E+01
00013100  0.185210E-13  0.127128E-13  0.130929E-13  0.129488E-23 -0.236161E-23  0.108044E-18  0.500000E+01
00013200  0.186314E-13  0.127184E-13  0.131213E-13  0.136881E-23 -0.256477E-23  0.140173E-18  0.500000E+01
00013300  0.187399E-13  0.127230E-13  0.131477E-13  0.143392E-23 -0.276102E-23  0.172941E-18  0.500000E+01
00013400  0.188465E-13  0.127266E-13  0.131726E-13  0.149103E-23 -0.296416E-23  0.202350E-18  0.500000E+01
00013500  0.189503E-13  0.127287E-13  0.131963E-13  0.154332E-23 -0.313632E-23  0.236601E-18  0.500000E+01
00013600  0.190506E-13  0.127297E-13  0.132188E-13  0.158989E-23 -0.327080E-23  0.288851E-18  0.500000E+01
00013700  0.191462E-13  0.127298E-13  0.132404E-13  0.163124E-23 -0.337313E-23  0.370045E-18  0.500000E+01
00013800  0.192362E-13  0.127289E-13  0.132611E-13  0.167057E-23 -0.348700E-23  0.478569E-18  0.500000E+01
00013900  0.193200E-13  0.127264E-13  0.132807E-13  0.171310E-23 -0.362221E-23  0.607644E-18  0.500000E+01
00014000  0.193971E-13  0.127215E-13  0.132987E-13  0.175562E-23 -0.375960E-23  0.740039E-18  0.500000E+01
00014100  0.194676E-13  0.127142E-13  0.133151E-13  0.179695E-23 -0.389811E-23  0.870718E-18  0.500000E+01
00014200  0.195324E-13  0.127046E-13  0.133301E-13  0.183569E-23 -0.404180E-23  0.997532E-18  0.500000E+01
00014300  0.195922E-13  0.126929E-13  0.133440E-13  0.187195E-23 -0.419162E-23  0.111389E-17  0.500000E+01
00014400  0.196479E-13  0.126794E-13  0.133571E-13  0.190858E-23 -0.435255E-23  0.124631E-17  0.500000E+01
00014500  0.197011E-13  0.126653E-13  0.133699E-13  0.194166E-23 -0.453049E-23  0.111906E-17  0.500000E+01
00014600  0.197528E-13  0.126510E-13  0.133831E-13  0.197885E-23 -0.470538E-23  0.110048E-17  0.500000E+01
00014700  0.198029E-13  0.126363E-13  0.133963E-13  0.201194E-23 -0.485959E-23  0.970299E-18  0.500000E+01
00014800  0.198520E-13  0.126221E-13  0.134093E-13  0.201964E-23 -0.496676E-23  0.738653E-18  0.500000E+01
00014900  0.199000E-13  0.126086E-13  0.134217E-13  0.200636E-23 -0.502957E-23  0.469729E-18  0.500000E+01
00015000  0.199471E-13  0.125964E-13  0.134329E-13  0.198584E-23 -0.506927E-23  0.200060E-18  0.500000E+01
00015100  0.199945E-13  0.125847E-13  0.134418E-13  0.198493E-23 -0.514245E-23 -0.507124E-19  0.500000E+01
00015200  0.200428E-13  0.125721E-13  0.134467E-13  0.201359E-23 -0.526071E-23 -0.278946E-18  0.500000E+01
00015300  0.200911E-13  0.125604E-13  0.134488E-13  0.204258E-23 -0.535321E-23 -0.484188E-18  0.500000E+01
00015400  0.201401E-13  0.125568E-13  0.134554E-13  0.205725E-23 -0.540140E-23 -0.664522E-18  0.500000E+01
00015500  0.201901E-13  0.125645E-13  0.134699E-13  0.209830E-23 -0.550332E-23 -0.825449E-18  0.500000E+01
00015600  0.202419E-13  0.125756E-13  0.134845E-13  0.215262E-23 -0.563656E-23 -0.958332E-18  0.500000E+01
00015700  0.202960E-13  0.125885E-13  0.134978E-13  0.221434E-23 -0.577049E-23 -0.105906E-17  0.500000E+01
00015800  0.203528E-13  0.126033E-13  0.135099E-13  0.227534E-23 -0.591530E-23 -0.112783E-17  0.500000E+01
00015900  0.204122E-13  0.126199E-13  0.135203E-13  0.232706E-23 -0.606566E-23 -0.113684E-17  0.500000E+01
00016000  0.204742E-13  0.126380E-13  0.135292E-13  0.235872E-23 -0.620405E-23 -0.109237E-17  0.500000E+01
00016100  0.205411E-13  0.126577E-13  0.135372E-13  0.236916E-23 -0.631588E-23 -0.998402E-18  0.500000E+01
00016200  0.206187E-13  0.126804E-13  0.135463E-13  0.235844E-23 -0.632803E-23 -0.873641E-18  0.500000E+01
00016300  0.207095E-13  0.127066E-13  0.135575E-13  0.234568E-23 -0.617414E-23 -0.741709E-18  0.500000E+01
00016400  0.208132E-13  0.127355E-13  0.135706E-13  0.233897E-23 -0.588139E-23 -0.611957E-18  0.500000E+01
00016500  0.209286E-13  0.127662E-13  0.135850E-13  0.233705E-23 -0.543208E-23 -0.481709E-18  0.500000E+01
00016600  0.210533E-13  0.127980E-13  0.136000E-13  0.233943E-23 -0.484194E-23 -0.347789E-18  0.500000E+01
00016700  0.211868E-13  0.128321E-13  0.136148E-13  0.234185E-23 -0.421540E-23 -0.217045E-18  0.500000E+01
00016800  0.213254E-13  0.128670E-13  0.136293E-13  0.233788E-23 -0.370394E-23 -0.769761E-19  0.500000E+01
00016900  0.214635E-13  0.129032E-13  0.136454E-13  0.232502E-23 -0.390065E-23  0.796222E-19  0.500000E+01
00017000  0.215988E-13  0.129498E-13  0.136717E-13  0.227965E-23 -0.416893E-23  0.226792E-18  0.500000E+01
00017100  0.217303E-13  0.130016E-13  0.137038E-13  0.217532E-23 -0.441347E-23  0.374086E-18  0.500000E+01
00017200  0.218572E-13  0.130546E-13  0.137386E-13  0.205907E-23 -0.453653E-23  0.524664E-18  0.500000E+01
00017300  0.219792E-13  0.131060E-13  0.137738E-13  0.194518E-23 -0.460909E-23  0.683167E-18  0.500000E+01
00017400  0.220957E-13  0.131549E-13  0.138081E-13  0.183257E-23 -0.463078E-23  0.843106E-18  0.500000E+01
00017500  0.222063E-13  0.131996E-13  0.138401E-13  0.174791E-23 -0.464196E-23  0.988653E-18  0.500000E+01
00017600  0.223092E-13  0.132389E-13  0.138689E-13  0.170544E-23 -0.470212E-23  0.112034E-17  0.500000E+01
00017700  0.224022E-13  0.132718E-13  0.138933E-13  0.176455E-23 -0.484690E-23  0.122963E-17  0.500000E+01
00017800  0.224846E-13  0.132977E-13  0.139128E-13  0.187043E-23 -0.506271E-23  0.132158E-17  0.500000E+01
00017900  0.225558E-13  0.133171E-13  0.139270E-13  0.197927E-23 -0.536447E-23  0.138915E-17  0.500000E+01
00018000  0.226155E-13  0.133308E-13  0.139357E-13  0.208496E-23 -0.575221E-23  0.143705E-17  0.500000E+01
00018100  0.226633E-13  0.133396E-13  0.139389E-13  0.219573E-23 -0.621028E-23  0.148974E-17  0.500000E+01
00018200  0.226993E-13  0.133439E-13  0.139370E-13  0.232048E-23 -0.670670E-23  0.151820E-17  0.500000E+01
00018300  0.227237E-13  0.133438E-13  0.139307E-13  0.247049E-23 -0.720252E-23  0.158474E-17  0.500000E+01
00018400  0.227367E-13  0.133395E-13  0.139203E-13  0.262682E-23 -0.764524E-23  0.163174E-17  0.500000E+01
00018500  0.227379E-13  0.133310E-13  0.139062E-13  0.278667E-23 -0.800545E-23  0.168001E-17  0.500000E+01
00018600  0.227266E-13  0.133197E-13  0.138901E-13  0.295851E-23 -0.841379E-23  0.173168E-17  0.500000E+01
00018700  0.227041E-13  0.133112E-13  0.138773E-13  0.312300E-23 -0.879784E-23  0.177968E-17  0.500000E+01
00018800  0.226717E-13  0.133025E-13  0.138652E-13  0.328830E-23 -0.920181E-23  0.185284E-17  0.500000E+01
00018900  0.226299E-13  0.132932E-13  0.138538E-13  0.345425E-23 -0.958966E-23  0.200723E-17  0.500000E+01
00019000  0.225797E-13  0.132825E-13  0.138428E-13  0.363191E-23 -0.998946E-23  0.219859E-17  0.500000E+01
00019100  0.225217E-13  0.132705E-13  0.138324E-13  0.357727E-23 -0.110672E-22  0.235987E-17  0.500000E+01
00019200  0.224571E-13  0.132577E-13  0.138228E-13  0.389436E-23 -0.129607E-22  0.231770E-17  0.500000E+01
00019300  0.223872E-13  0.132446E-13  0.138139E-13  0.439181E-23 -0.144497E-22  0.212208E-17  0.500000E+01
00019400  0.223139E-13  0.132318E-13  0.138057E-13  0.493908E-23 -0.154382E-22  0.189247E-17  0.500000E+01
00019500  0.222382E-13  0.132195E-13  0.137986E-13  0.572326E-23 -0.163334E-22  0.168155E-17  0.500000E+01
00019600  0.221611E-13  0.132083E-13  0.137920E-13  0.668347E-23 -0.173336E-22  0.135985E-17  0.500000E+01
00019700  0.220837E-13  0.131987E-13  0.137854E-13  0.786185E-23 -0.190046E-22  0.827271E-18  0.500000E+01
00019800  0.220037E-13  0.131892E-13  0.137761E-13  0.935594E-23 -0.213939E-22  0.350366E-18  0.500000E+01
00019900  0.219184E-13  0.131778E-13  0.137613E-13  0.109455E-22 -0.245801E-22 -0.301610E-19  0.500000E+01
00020000  0.218295E-13  0.131641E-13  0.137417E-13  0.133660E-22 -0.298850E-22 -0.517786E-18  0.500000E+01
00020100  0.217386E-13  0.131482E-13  0.137186E-13  0.166767E-22 -0.352045E-22 -0.866243E-18  0.500000E+01
00020200  0.216471E-13  0.131299E-13  0.136941E-13  0.198593E-22 -0.383876E-22 -0.114882E-17  0.500000E+01
00020300  0.215560E-13  0.131090E-13  0.136700E-13  0.228028E-22 -0.399990E-22 -0.157226E-17  0.500000E+01
00020400  0.214671E-13  0.130867E-13  0.136485E-13  0.251138E-22 -0.412905E-22 -0.216509E-17  0.500000E+01
00020500  0.213825E-13  0.130644E-13  0.136314E-13  0.272524E-22 -0.434469E-22 -0.285177E-17  0.500000E+01
00020600  0.213007E-13  0.130427E-13  0.136162E-13  0.295048E-22 -0.467294E-22 -0.401820E-17  0.500000E+01
00020700  0.212232E-13  0.130223E-13  0.136027E-13  0.317194E-22 -0.510314E-22 -0.562670E-17  0.500000E+01
00020800  0.211503E-13  0.130026E-13  0.135882E-13  0.334616E-22 -0.559459E-22 -0.751905E-17  0.500000E+01
00020900  0.210848E-13  0.129837E-13  0.135748E-13  0.345324E-22 -0.610604E-22 -0.952033E-17  0.500000E+01
00021000  0.210276E-13  0.129660E-13  0.135626E-13  0.348497E-22 -0.663195E-22 -0.114184E-16  0.500000E+01
00021100  0.209788E-13  0.129502E-13  0.135524E-13  0.345131E-22 -0.718735E-22 -0.133348E-16  0.500000E+01
00021200  0.209388E-13  0.129370E-13  0.135446E-13  0.336371E-22 -0.779507E-22 -0.152548E-16  0.500000E+01
00021300  0.209075E-13  0.129269E-13  0.135386E-13  0.321993E-22 -0.847039E-22 -0.171898E-16  0.500000E+01
00021400  0.208847E-13  0.129203E-13  0.135346E-13  0.304020E-22 -0.921774E-22 -0.192705E-16  0.500000E+01
00021500  0.208706E-13  0.129177E-13  0.135328E-13  0.284601E-22 -0.100309E-21 -0.213089E-16  0.500000E+01
00021600  0.208651E-13  0.129198E-13  0.135331E-13  0.267209E-22 -0.109358E-21 -0.235169E-16  0.500000E+01
00021700  0.208673E-13  0.129265E-13  0.135349E-13  0.255886E-22 -0.119270E-21 -0.257175E-16  0.500000E+01
00021800  0.208767E-13  0.129372E-13  0.135377E-13  0.249062E-22 -0.129402E-21 -0.276325E-16  0.500000E+01
00021900  0.208929E-13  0.129512E-13  0.135407E-13  0.243962E-22 -0.139672E-21 -0.292961E-16  0.500000E+01
00022000  0.209154E-13  0.129679E-13  0.135431E-13  0.239225E-22 -0.150119E-21 -0.307099E-16  0.500000E+01
00022100  0.209433E-13  0.129865E-13  0.135444E-13  0.230487E-22 -0.160119E-21 -0.318887E-16  0.500000E+01
00022200  0.209759E-13  0.130064E-13  0.135448E-13  0.225079E-22 -0.170487E-21 -0.328927E-16  0.500000E+01
00022300  0.210128E-13  0.130272E-13  0.135442E-13  0.221223E-22 -0.179636E-21 -0.338008E-16  0.500000E+01
00022400  0.210539E-13  0.130487E-13  0.135426E-13  0.215217E-22 -0.187756E-21 -0.346263E-16  0.500000E+01
00022500  0.210992E-13  0.130707E-13  0.135405E-13  0.209664E-22 -0.195277E-21 -0.354056E-16  0.500000E+01
00022600  0.211492E-13  0.130933E-13  0.135382E-13  0.207206E-22 -0.202078E-21 -0.361496E-16  0.500000E+01
00022700  0.212038E-13  0.131163E-13  0.135359E-13  0.207819E-22 -0.207839E-21 -0.369210E-16  0.500000E+01
00022800  0.212628E-13  0.131393E-13  0.135337E-13  0.212593E-22 -0.211685E-21 -0.378521E-16  0.500000E+01
00022900  0.213254E-13  0.131617E-13  0.135318E-13  0.219341E-22 -0.213439E-21 -0.390710E-16  0.500000E+01
00023000  0.213910E-13  0.131842E-13  0.135307E-13  0.222217E-22 -0.214601E-21 -0.405860E-16  0.500000E+01
00023100  0.214588E-13  0.132076E-13  0.135315E-13  0.230776E-22 -0.217071E-21 -0.423712E-16  0.500000E+01
00023200  0.215277E-13  0.132325E-13  0.135348E-13  0.248859E-22 -0.220868E-21 -0.443936E-16  0.500000E+01
00023300  0.215951E-13  0.132584E-13  0.135404E-13  0.278915E-22 -0.225444E-21 -0.467471E-16  0.500000E+01
00023400  0.216586E-13  0.132844E-13  0.135473E-13  0.322215E-22 -0.229189E-21 -0.494668E-16  0.500000E+01
00023500  0.217159E-13  0.133093E-13  0.135548E-13  0.377875E-22 -0.233063E-21 -0.521751E-16  0.500000E+01
00023600  0.217657E-13  0.133319E-13  0.135620E-13  0.443396E-22 -0.237554E-21 -0.548838E-16  0.500000E+01
00023700  0.218066E-13  0.133516E-13  0.135684E-13  0.516230E-22 -0.242155E-21 -0.573730E-16  0.500000E+01
00023800  0.218376E-13  0.133676E-13  0.135737E-13  0.592759E-22 -0.247763E-21 -0.594342E-16  0.500000E+01
00023900  0.218581E-13  0.133798E-13  0.135774E-13  0.667141E-22 -0.255169E-21 -0.608847E-16  0.500000E+01
00024000  0.218677E-13  0.133880E-13  0.135794E-13  0.691358E-22 -0.259609E-21 -0.618599E-16  0.500000E+01
00024100  0.218667E-13  0.133924E-13  0.135796E-13  0.370968E-22 -0.244743E-21 -0.625827E-16  0.500000E+01
00024200  0.218554E-13  0.133933E-13  0.135780E-13 -0.292370E-22 -0.212720E-21 -0.631134E-16  0.500000E+01
00024300  0.218348E-13  0.133909E-13  0.135751E-13 -0.124214E-21 -0.165400E-21 -0.633628E-16  0.500000E+01
00024400  0.218059E-13  0.133856E-13  0.135713E-13 -0.192430E-21 -0.132814E-21 -0.632239E-16  0.500000E+01
00024500  0.217700E-13  0.133776E-13  0.135668E-13 -0.257372E-21 -0.102788E-21 -0.625995E-16  0.500000E+01
00024600  0.217287E-13  0.133672E-13  0.135619E-13 -0.351123E-21 -0.654091E-22 -0.615205E-16  0.500000E+01
00024700  0.216835E-13  0.133543E-13  0.135571E-13 -0.456543E-21 -0.361304E-22 -0.599548E-16  0.500000E+01
00024800  0.216356E-13  0.133390E-13  0.135528E-13 -0.560990E-21 -0.200382E-22 -0.579041E-16  0.500000E+01
00024900  0.215857E-13  0.133212E-13  0.135489E-13 -0.662321E-21 -0.257623E-22 -0.553535E-16  0.500000E+01
00025000  0.215345E-13  0.133016E-13  0.135450E-13 -0.753770E-21 -0.624787E-22 -0.521391E-16  0.500000E+01
00025100  0.214824E-13  0.132804E-13  0.135412E-13 -0.833300E-21 -0.119707E-21 -0.479759E-16  0.500000E+01
00025200  0.214296E-13  0.132578E-13  0.135371E-13 -0.899440E-21 -0.201007E-21 -0.424439E-16  0.500000E+01
00025300  0.213762E-13  0.132340E-13  0.135315E-13 -0.962427E-21 -0.308257E-21 -0.351488E-16  0.500000E+01
00025400  0.213218E-13  0.132090E-13  0.135249E-13 -0.978735E-21 -0.469568E-21 -0.263037E-16  0.500000E+01
00025500  0.212664E-13  0.131831E-13  0.135181E-13 -0.949693E-21 -0.656357E-21 -0.166136E-16  0.500000E+01
00025600  0.212104E-13  0.131574E-13  0.135126E-13 -0.923151E-21 -0.860400E-21 -0.679792E-17  0.500000E+01
00025700  0.211537E-13  0.131329E-13  0.135092E-13 -0.962858E-21 -0.100627E-20  0.309686E-17  0.500000E+01
00025800  0.210965E-13  0.131103E-13  0.135072E-13 -0.104665E-20 -0.113641E-20  0.131222E-16  0.500000E+01
00025900  0.210392E-13  0.130893E-13  0.135062E-13 -0.118535E-20 -0.121454E-20  0.235050E-16  0.500000E+01
00026000  0.209824E-13  0.130696E-13  0.135052E-13 -0.131020E-20 -0.134626E-20  0.339977E-16  0.500000E+01
00026100  0.209259E-13  0.130503E-13  0.135039E-13 -0.138210E-20 -0.155137E-20  0.444571E-16  0.500000E+01
00026200  0.208702E-13  0.130313E-13  0.135022E-13 -0.147260E-20 -0.172920E-20  0.551032E-16  0.500000E+01
00026300  0.208162E-13  0.130130E-13  0.135001E-13 -0.154669E-20 -0.191483E-20  0.659189E-16  0.500000E+01
00026400  0.207652E-13  0.129958E-13  0.134978E-13 -0.161019E-20 -0.210868E-20  0.768973E-16  0.500000E+01
00026500  0.207185E-13  0.129807E-13  0.134952E-13 -0.239690E-20 -0.234902E-20  0.880339E-16  0.500000E+01
00026600  0.206772E-13  0.129682E-13  0.134925E-13 -0.353092E-20 -0.237127E-20  0.993969E-16  0.500000E+01
00026700  0.206402E-13  0.129574E-13  0.134895E-13 -0.471693E-20 -0.216363E-20  0.110818E-15  0.500000E+01
00026800  0.206066E-13  0.129479E-13  0.134857E-13 -0.588013E-20 -0.181065E-20  0.122065E-15  0.500000E+01
00026900  0.205763E-13  0.129397E-13  0.134807E-13 -0.760168E-20  0.781112E-22  0.133181E-15  0.500000E+01
00027000  0.205494E-13  0.129337E-13  0.134746E-13 -0.941666E-20  0.183980E-20  0.144612E-15  0.500000E+01
00027100  0.205262E-13  0.129299E-13  0.134680E-13 -0.105760E-19  0.120559E-20  0.156296E-15  0.500000E+01
00027200  0.205070E-13  0.129279E-13  0.134611E-13 -0.113209E-19  0.285124E-21  0.167897E-15  0.500000E+01
00027300  0.204919E-13  0.129277E-13  0.134543E-13 -0.119584E-19 -0.394553E-21  0.179975E-15  0.500000E+01
00027400  0.204803E-13  0.129293E-13  0.134478E-13 -0.136341E-19 -0.170373E-20  0.192214E-15  0.500000E+01
00027500  0.204680E-13  0.129315E-13  0.134402E-13 -0.173590E-19 -0.385107E-20  0.204817E-15  0.500000E+01
00027600  0.204530E-13  0.129339E-13  0.134305E-13 -0.213835E-19 -0.419774E-20  0.218276E-15  0.500000E+01
00027700  0.204355E-13  0.129366E-13  0.134193E-13 -0.262218E-19 -0.264173E-21  0.231830E-15  0.500000E+01
00027800  0.204128E-13  0.129387E-13  0.134055E-13 -0.289356E-19  0.108492E-20  0.244991E-15  0.500000E+01
00027900  0.203829E-13  0.129393E-13  0.133878E-13 -0.333670E-19  0.236124E-20  0.257883E-15  0.500000E+01
00028000  0.203472E-13  0.129392E-13  0.133665E-13 -0.391455E-19  0.366898E-20  0.270828E-15  0.500000E+01
00028100  0.203056E-13  0.129382E-13  0.133424E-13 -0.446306E-19  0.556050E-20  0.283607E-15  0.500000E+01
00028200  0.202578E-13  0.129360E-13  0.133162E-13 -0.411629E-19  0.104124E-19  0.296457E-15  0.500000E+01
00028300  0.202037E-13  0.129402E-13  0.132952E-13 -0.270604E-19  0.201086E-19  0.309265E-15  0.500000E+01
00028400  0.201438E-13  0.129539E-13  0.132815E-13 -0.178797E-19  0.248597E-19  0.322449E-15  0.500000E+01
00028500  0.200773E-13  0.129687E-13  0.132675E-13 -0.848956E-20  0.282854E-19  0.335763E-15  0.500000E+01
00028600  0.200033E-13  0.129832E-13  0.132527E-13 -0.164824E-20  0.279290E-19  0.348868E-15  0.500000E+01
00028700  0.199216E-13  0.129972E-13  0.132366E-13  0.448286E-20  0.258890E-19  0.361463E-15  0.500000E+01
00028800  0.198324E-13  0.130102E-13  0.132195E-13  0.123746E-19  0.254173E-19  0.372989E-15  0.500000E+01
00028900  0.197370E-13  0.130217E-13  0.132019E-13  0.203422E-19  0.259769E-19  0.383676E-15  0.500000E+01
00029000  0.196343E-13  0.130316E-13  0.131836E-13  0.246690E-19  0.247340E-19  0.394207E-15  0.500000E+01
00029100  0.195239E-13  0.130398E-13  0.131641E-13  0.271581E-19  0.216301E-19  0.404671E-15  0.500000E+01
00029200  0.194055E-13  0.130453E-13  0.131426E-13  0.265928E-19  0.147103E-19  0.414822E-15  0.500000E+01
00029300  0.192788E-13  0.130472E-13  0.131191E-13  0.239940E-19  0.604541E-20  0.424759E-15  0.500000E+01
00029400  0.191455E-13  0.130463E-13  0.130946E-13  0.212355E-19 -0.297551E-20  0.434834E-15  0.500000E+01
00029500  0.190074E-13  0.130423E-13  0.130696E-13  0.193460E-19 -0.134025E-19  0.445013E-15  0.500000E+01
00029600  0.188653E-13  0.130353E-13  0.130442E-13  0.180884E-19 -0.245021E-19  0.454801E-15  0.500000E+01
00029700  0.187198E-13  0.130259E-13  0.130182E-13  0.140356E-19 -0.377699E-19  0.463768E-15  0.500000E+01
00029800  0.185722E-13  0.130155E-13  0.129909E-13  0.556152E-20 -0.558768E-19  0.471603E-15  0.500000E+01
00029900  0.184223E-13  0.130045E-13  0.129617E-13 -0.614461E-20 -0.776849E-19  0.478279E-15  0.500000E+01
00030000  0.182707E-13  0.129922E-13  0.129308E-13 -0.184795E-19 -0.101593E-18  0.484360E-15  0.500000E+01
00030100  0.181184E-13  0.129784E-13  0.128982E-13 -0.286611E-19 -0.125934E-18  0.490759E-15  0.500000E+01
00030200  0.179674E-13  0.129628E-13  0.128644E-13 -0.355069E-19 -0.149686E-18  0.497922E-15  0.500000E+01
00030300  0.178204E-13  0.129459E-13  0.128307E-13 -0.319780E-19 -0.166978E-18  0.505905E-15  0.500000E+01
00030400  0.176798E-13  0.129289E-13  0.127984E-13 -0.140801E-19 -0.181077E-18  0.514638E-15  0.500000E+01
00030500  0.175466E-13  0.129121E-13  0.127678E-13  0.385240E-20 -0.204586E-18  0.524266E-15  0.500000E+01
00030600  0.174213E-13  0.128969E-13  0.127378E-13  0.172518E-19 -0.226251E-18  0.534712E-15  0.500000E+01
00030700  0.173043E-13  0.128842E-13  0.127087E-13  0.132077E-19 -0.251239E-18  0.545716E-15  0.500000E+01
00030800  0.171958E-13  0.128734E-13  0.126814E-13  0.257802E-20 -0.274773E-18  0.556835E-15  0.500000E+01
00030900  0.170953E-13  0.128649E-13  0.126559E-13 -0.417850E-20 -0.291142E-18  0.567907E-15  0.500000E+01
00031000  0.170023E-13  0.128593E-13  0.126327E-13 -0.138165E-19 -0.297130E-18  0.578837E-15  0.500000E+01
00031100  0.169163E-13  0.128553E-13  0.126111E-13 -0.202142E-19 -0.293503E-18  0.588778E-15  0.500000E+01
00031200  0.168376E-13  0.128524E-13  0.125919E-13 -0.216249E-19 -0.299878E-18  0.597304E-15  0.500000E+01
00031300  0.167642E-13  0.128526E-13  0.125741E-13 -0.445528E-19 -0.320439E-18  0.604311E-15  0.500000E+01
00031400  0.166965E-13  0.128554E-13  0.125582E-13 -0.797618E-19 -0.346253E-18  0.610664E-15  0.500000E+01
00031500  0.166343E-13  0.128609E-13  0.125442E-13 -0.112595E-18 -0.364485E-18  0.616938E-15  0.500000E+01
00031600  0.165761E-13  0.128679E-13  0.125313E-13 -0.148442E-18 -0.384283E-18  0.622725E-15  0.500000E+01
00031700  0.165204E-13  0.128754E-13  0.125181E-13 -0.147994E-18 -0.416813E-18  0.627783E-15  0.500000E+01
00031800  0.164673E-13  0.128831E-13  0.125046E-13 -0.173620E-18 -0.431167E-18  0.632441E-15  0.500000E+01
00031900  0.164167E-13  0.128907E-13  0.124911E-13 -0.196641E-18 -0.430914E-18  0.636939E-15  0.500000E+01
00032000  0.163682E-13  0.128980E-13  0.124780E-13 -0.223381E-18 -0.428083E-18  0.641134E-15  0.500000E+01
00032100  0.163208E-13  0.129053E-13  0.124653E-13 -0.262724E-18 -0.420650E-18  0.644546E-15  0.500000E+01
00032200  0.162740E-13  0.129126E-13  0.124532E-13 -0.324075E-18 -0.412697E-18  0.646801E-15  0.500000E+01
00032300  0.162273E-13  0.129191E-13  0.124407E-13 -0.383453E-18 -0.413310E-18  0.647956E-15  0.500000E+01
00032400  0.161805E-13  0.129245E-13  0.124280E-13 -0.449370E-18 -0.416442E-18  0.648138E-15  0.500000E+01
00032500  0.161339E-13  0.129287E-13  0.124154E-13 -0.527632E-18 -0.437860E-18  0.647515E-15  0.500000E+01
00032600  0.160886E-13  0.129314E-13  0.124034E-13 -0.587966E-18 -0.466611E-18  0.646384E-15  0.500000E+01
00032700  0.160445E-13  0.129319E-13  0.123925E-13 -0.663724E-18 -0.483247E-18  0.644582E-15  0.500000E+01
00032800  0.160012E-13  0.129304E-13  0.123822E-13 -0.744357E-18 -0.490488E-18  0.641979E-15  0.500000E+01
00032900  0.159590E-13  0.129269E-13  0.123733E-13 -0.833693E-18 -0.493886E-18  0.638915E-15  0.500000E+01
00033000  0.159183E-13  0.129216E-13  0.123662E-13 -0.920215E-18 -0.500993E-18  0.635790E-15  0.500000E+01
00033100  0.158794E-13  0.129147E-13  0.123619E-13 -0.100651E-17 -0.504896E-18  0.632720E-15  0.500000E+01
00033200  0.158418E-13  0.129066E-13  0.123602E-13 -0.107692E-17 -0.514616E-18  0.629925E-15  0.500000E+01
00033300  0.158041E-13  0.128977E-13  0.123598E-13 -0.115232E-17 -0.523429E-18  0.626909E-15  0.500000E+01
00033400  0.157665E-13  0.128891E-13  0.123598E-13 -0.121640E-17 -0.523381E-18  0.623693E-15  0.500000E+01
00033500  0.157295E-13  0.128818E-13  0.123593E-13 -0.125521E-17 -0.516885E-18  0.620504E-15  0.500000E+01
00033600  0.156933E-13  0.128765E-13  0.123595E-13 -0.125734E-17 -0.492002E-18  0.617332E-15  0.500000E+01
00033700  0.156585E-13  0.128725E-13  0.123613E-13 -0.124898E-17 -0.469664E-18  0.614206E-15  0.500000E+01
00033800  0.156255E-13  0.128683E-13  0.123652E-13 -0.124364E-17 -0.423809E-18  0.611031E-15  0.500000E+01
00033900  0.155940E-13  0.128634E-13  0.123709E-13 -0.126420E-17 -0.367312E-18  0.607288E-15  0.500000E+01
00034000  0.155643E-13  0.128577E-13  0.123785E-13 -0.128048E-17 -0.308326E-18  0.602780E-15  0.500000E+01
00034100  0.155369E-13  0.128504E-13  0.123879E-13 -0.128773E-17 -0.247606E-18  0.597489E-15  0.500000E+01
00034200  0.155110E-13  0.128411E-13  0.123988E-13 -0.128733E-17 -0.190872E-18  0.591163E-15  0.500000E+01
00034300  0.154863E-13  0.128297E-13  0.124107E-13 -0.127387E-17 -0.138252E-18  0.584066E-15  0.500000E+01
00034400  0.154627E-13  0.128164E-13  0.124238E-13 -0.124688E-17 -0.878763E-19  0.576171E-15  0.500000E+01
00034500  0.154402E-13  0.128013E-13  0.124374E-13 -0.113261E-17 -0.324824E-19  0.567191E-15  0.500000E+01
00034600  0.154190E-13  0.127846E-13  0.124508E-13 -0.950751E-18  0.174045E-19  0.556831E-15  0.500000E+01
00034700  0.153994E-13  0.127666E-13  0.124641E-13 -0.767543E-18  0.623575E-19  0.545125E-15  0.500000E+01
00034800  0.153818E-13  0.127476E-13  0.124777E-13 -0.594515E-18  0.109601E-18  0.532049E-15  0.500000E+01
00034900  0.153665E-13  0.127280E-13  0.124919E-13 -0.428544E-18  0.175264E-18  0.517621E-15  0.500000E+01
00035000  0.153537E-13  0.127076E-13  0.125070E-13 -0.122514E-18  0.252359E-18  0.502316E-15  0.500000E+01
00035100  0.153429E-13  0.126859E-13  0.125234E-13  0.358358E-18  0.335297E-18  0.486714E-15  0.500000E+01
00035200  0.153340E-13  0.126626E-13  0.125411E-13  0.990733E-18  0.409111E-18  0.471099E-15  0.500000E+01
00035300  0.153273E-13  0.126381E-13  0.125604E-13  0.172181E-17  0.463396E-18  0.455725E-15  0.500000E+01
00035400  0.153227E-13  0.126127E-13  0.125806E-13  0.246102E-17  0.496926E-18  0.440449E-15  0.500000E+01
00035500  0.153203E-13  0.125864E-13  0.126015E-13  0.315740E-17  0.506842E-18  0.424860E-15  0.500000E+01
00035600  0.153198E-13  0.125585E-13  0.126236E-13  0.381785E-17  0.489311E-18  0.408789E-15  0.500000E+01
00035700  0.153209E-13  0.125290E-13  0.126465E-13  0.444155E-17  0.425015E-18  0.392003E-15  0.500000E+01
00035800  0.153237E-13  0.124981E-13  0.126700E-13  0.492180E-17  0.290064E-18  0.374504E-15  0.500000E+01
00035900  0.153281E-13  0.124657E-13  0.126940E-13  0.515666E-17  0.173973E-18  0.356018E-15  0.500000E+01
00036000  0.153338E-13  0.124321E-13  0.127180E-13  0.524289E-17  0.408265E-19  0.336300E-15  0.500000E+01
00036100  0.153408E-13  0.123978E-13  0.127414E-13  0.523228E-17 -0.641964E-19  0.315669E-15  0.500000E+01
00036200  0.153494E-13  0.123630E-13  0.127641E-13  0.513078E-17 -0.876195E-19  0.294151E-15  0.500000E+01
00036300  0.153600E-13  0.123273E-13  0.127861E-13  0.495970E-17  0.588892E-20  0.271753E-15  0.500000E+01
00036400  0.153725E-13  0.122905E-13  0.128075E-13  0.483043E-17  0.272815E-18  0.248697E-15  0.500000E+01
00036500  0.153869E-13  0.122523E-13  0.128287E-13  0.467459E-17  0.641555E-18  0.225277E-15  0.500000E+01
00036600  0.154034E-13  0.122129E-13  0.128499E-13  0.440906E-17  0.106322E-17  0.201777E-15  0.500000E+01
00036700  0.154220E-13  0.121722E-13  0.128711E-13  0.393875E-17  0.154673E-17  0.178232E-15  0.500000E+01
00036800  0.154433E-13  0.121312E-13  0.128928E-13  0.328322E-17  0.204056E-17  0.154505E-15  0.500000E+01
00036900  0.154677E-13  0.120905E-13  0.129148E-13  0.248650E-17  0.253731E-17  0.130438E-15  0.500000E+01
00037000  0.154955E-13  0.120504E-13  0.129374E-13  0.156829E-17  0.303116E-17  0.105765E-15  0.500000E+01
00037100  0.155268E-13  0.120108E-13  0.129607E-13  0.522554E-18  0.351839E-17  0.802697E-16  0.500000E+01
00037200  0.155615E-13  0.119716E-13  0.129849E-13 -0.759929E-18  0.396472E-17  0.537986E-16  0.500000E+01
00037300  0.155995E-13  0.119327E-13  0.130099E-13 -0.223463E-17  0.436836E-17  0.263225E-16  0.500000E+01
00037400  0.156403E-13  0.118948E-13  0.130354E-13 -0.383157E-17  0.470656E-17 -0.189779E-17  0.500000E+01
00037500  0.156833E-13  0.118582E-13  0.130612E-13 -0.544560E-17  0.503121E-17 -0.305575E-16  0.500000E+01
00037600  0.157281E-13  0.118233E-13  0.130871E-13 -0.714037E-17  0.533384E-17 -0.595503E-16  0.500000E+01
00037700  0.157747E-13  0.117903E-13  0.131131E-13 -0.891335E-17  0.554732E-17 -0.889546E-16  0.500000E+01
00037800  0.158230E-13  0.117591E-13  0.131393E-13 -0.106932E-16  0.571596E-17 -0.118842E-15  0.500000E+01
00037900  0.158727E-13  0.117292E-13  0.131657E-13 -0.125226E-16  0.576177E-17 -0.149252E-15  0.500000E+01
00038000  0.159238E-13  0.117003E-13  0.131924E-13 -0.144357E-16  0.580241E-17 -0.180203E-15  0.500000E+01
00038100  0.159762E-13  0.116727E-13  0.132195E-13 -0.164346E-16  0.594748E-17 -0.211626E-15  0.500000E+01
00038200  0.160302E-13  0.116465E-13  0.132471E-13 -0.185895E-16  0.623186E-17 -0.243483E-15  0.500000E+01
00038300  0.160860E-13  0.116219E-13  0.132756E-13 -0.207397E-16  0.678440E-17 -0.275801E-15  0.500000E+01
00038400  0.161437E-13  0.115993E-13  0.133055E-13 -0.228440E-16  0.758258E-17 -0.308417E-15  0.500000E+01
00038500  0.162027E-13  0.115787E-13  0.133374E-13 -0.250046E-16  0.820650E-17 -0.340978E-15  0.500000E+01
00038600  0.162624E-13  0.115596E-13  0.133708E-13 -0.271644E-16  0.866532E-17 -0.373212E-15  0.500000E+01
00038700  0.163224E-13  0.115411E-13  0.134052E-13 -0.292582E-16  0.924236E-17 -0.405241E-15  0.500000E+01
00038800  0.163817E-13  0.115229E-13  0.134402E-13 -0.313387E-16  0.950598E-17 -0.436787E-15  0.500000E+01
00038900  0.164404E-13  0.115054E-13  0.134752E-13 -0.333396E-16  0.969459E-17 -0.468153E-15  0.500000E+01
00039000  0.164984E-13  0.114886E-13  0.135101E-13 -0.350027E-16  0.995406E-17 -0.499430E-15  0.500000E+01
00039100  0.165558E-13  0.114729E-13  0.135449E-13 -0.362886E-16  0.101734E-16 -0.530543E-15  0.500000E+01
00039200  0.166123E-13  0.114586E-13  0.135793E-13 -0.371408E-16  0.102475E-16 -0.561545E-15  0.500000E+01
00039300  0.166683E-13  0.114460E-13  0.136131E-13 -0.375674E-16  0.101371E-16 -0.592475E-15  0.500000E+01
00039400  0.167232E-13  0.114352E-13  0.136459E-13 -0.376782E-16  0.993289E-17 -0.623300E-15  0.500000E+01
00039500  0.167762E-13  0.114262E-13  0.136773E-13 -0.376011E-16  0.970868E-17 -0.653896E-15  0.500000E+01
00039600  0.168272E-13  0.114189E-13  0.137071E-13 -0.374751E-16  0.944461E-17 -0.684266E-15  0.500000E+01
00039700  0.168764E-13  0.114131E-13  0.137354E-13 -0.373688E-16  0.918115E-17 -0.714396E-15  0.500000E+01
00039800  0.169236E-13  0.114088E-13  0.137622E-13 -0.372219E-16  0.894580E-17 -0.744312E-15  0.500000E+01
00039900  0.169687E-13  0.114058E-13  0.137876E-13 -0.369638E-16  0.873695E-17 -0.774148E-15  0.500000E+01
00040000  0.170116E-13  0.114036E-13  0.138120E-13 -0.366519E-16  0.858607E-17 -0.803944E-15  0.500000E+01
00040100  0.170526E-13  0.114018E-13  0.138355E-13 -0.363496E-16  0.843111E-17 -0.833621E-15  0.500000E+01
00040200  0.170915E-13  0.114004E-13  0.138581E-13 -0.360940E-16  0.824314E-17 -0.863278E-15  0.500000E+01
00040300  0.171284E-13  0.113993E-13  0.138795E-13 -0.358767E-16  0.807723E-17 -0.892792E-15  0.500000E+01
00040400  0.171633E-13  0.113982E-13  0.138998E-13 -0.357583E-16  0.787409E-17 -0.922142E-15  0.500000E+01
00040500  0.171963E-13  0.113972E-13  0.139192E-13 -0.357268E-16  0.760671E-17 -0.951450E-15  0.500000E+01
00040600  0.172270E-13  0.113953E-13  0.139381E-13 -0.357645E-16  0.721934E-17 -0.980538E-15  0.500000E+01
00040700  0.172549E-13  0.113926E-13  0.139560E-13 -0.357794E-16  0.686143E-17 -0.100927E-14  0.500000E+01
00040800  0.172800E-13  0.113895E-13  0.139726E-13 -0.356804E-16  0.662610E-17 -0.103742E-14  0.500000E+01
00040900  0.173030E-13  0.113868E-13  0.139879E-13 -0.355563E-16  0.656538E-17 -0.106491E-14  0.500000E+01
00041000  0.173232E-13  0.113844E-13  0.140014E-13 -0.355350E-16  0.652370E-17 -0.109158E-14  0.500000E+01
00041100  0.173405E-13  0.113824E-13  0.140132E-13 -0.356019E-16  0.644304E-17 -0.111731E-14  0.500000E+01
00041200  0.173547E-13  0.113808E-13  0.140237E-13 -0.356537E-16  0.655976E-17 -0.114206E-14  0.500000E+01
00041300  0.173660E-13  0.113795E-13  0.140335E-13 -0.356946E-16  0.688035E-17 -0.116584E-14  0.500000E+01
00041400  0.173748E-13  0.113784E-13  0.140427E-13 -0.357339E-16  0.736109E-17 -0.118847E-14  0.500000E+01
00041500  0.173816E-13  0.113773E-13  0.140513E-13 -0.358148E-16  0.793159E-17 -0.120973E-14  0.500000E+01
00041600  0.173871E-13  0.113766E-13  0.140590E-13 -0.357689E-16  0.869276E-17 -0.122962E-14  0.500000E+01
00041700  0.173917E-13  0.113763E-13  0.140657E-13 -0.354297E-16  0.964362E-17 -0.124824E-14  0.500000E+01
00041800  0.173959E-13  0.113767E-13  0.140711E-13 -0.347074E-16  0.108191E-16 -0.126566E-14  0.500000E+01
00041900  0.174004E-13  0.113784E-13  0.140752E-13 -0.336314E-16  0.121508E-16 -0.128178E-14  0.500000E+01
00042000  0.174057E-13  0.113817E-13  0.140778E-13 -0.321516E-16  0.136269E-16 -0.129648E-14  0.500000E+01
00042100  0.174124E-13  0.113871E-13  0.140792E-13 -0.306352E-16  0.151273E-16 -0.130963E-14  0.500000E+01
00042200  0.174205E-13  0.113951E-13  0.140792E-13 -0.290546E-16  0.163819E-16 -0.132125E-14  0.500000E+01
00042300  0.174296E-13  0.114046E-13  0.140777E-13 -0.273518E-16  0.173118E-16 -0.133133E-14  0.500000E+01
00042400  0.174385E-13  0.114149E-13  0.140751E-13 -0.256138E-16  0.183014E-16 -0.133958E-14  0.500000E+01
00042500  0.174463E-13  0.114245E-13  0.140724E-13 -0.239350E-16  0.194488E-16 -0.134676E-14  0.500000E+01
00042600  0.174525E-13  0.114324E-13  0.140700E-13 -0.226045E-16  0.206064E-16 -0.135330E-14  0.500000E+01
00042700  0.174582E-13  0.114399E-13  0.140673E-13 -0.210979E-16  0.217770E-16 -0.135876E-14  0.500000E+01
00042800  0.174640E-13  0.114478E-13  0.140637E-13 -0.193146E-16  0.228015E-16 -0.136292E-14  0.500000E+01
00042900  0.174703E-13  0.114567E-13  0.140590E-13 -0.171921E-16  0.235867E-16 -0.136592E-14  0.500000E+01
00043000  0.174773E-13  0.114667E-13  0.140533E-13 -0.147382E-16  0.241190E-16 -0.136780E-14  0.500000E+01
00043100  0.174848E-13  0.114778E-13  0.140470E-13 -0.118885E-16  0.243939E-16 -0.136881E-14  0.500000E+01
00043200  0.174931E-13  0.114902E-13  0.140398E-13 -0.862761E-17  0.244649E-16 -0.136915E-14  0.500000E+01
00043300  0.175029E-13  0.115035E-13  0.140311E-13 -0.521146E-17  0.244107E-16 -0.136891E-14  0.500000E+01
00043400  0.175155E-13  0.115179E-13  0.140216E-13 -0.219687E-17  0.242609E-16 -0.136799E-14  0.500000E+01
00043500  0.175313E-13  0.115332E-13  0.140121E-13  0.821743E-18  0.240996E-16 -0.136641E-14  0.500000E+01
00043600  0.175496E-13  0.115495E-13  0.140015E-13  0.392802E-17  0.239336E-16 -0.136440E-14  0.500000E+01
00043700  0.175697E-13  0.115668E-13  0.139893E-13  0.707648E-17  0.237650E-16 -0.136196E-14  0.500000E+01
00043800  0.175905E-13  0.115847E-13  0.139747E-13  0.105834E-16  0.236838E-16 -0.135895E-14  0.500000E+01
00043900  0.176116E-13  0.116031E-13  0.139576E-13  0.144459E-16  0.236683E-16 -0.135522E-14  0.500000E+01
00044000  0.176329E-13  0.116220E-13  0.139386E-13  0.187679E-16  0.237468E-16 -0.135059E-14  0.500000E+01
00044100  0.176542E-13  0.116413E-13  0.139182E-13  0.234327E-16  0.236966E-16 -0.134517E-14  0.500000E+01
00044200  0.176756E-13  0.116607E-13  0.138975E-13  0.282456E-16  0.232007E-16 -0.133911E-14  0.500000E+01
00044300  0.176971E-13  0.116801E-13  0.138766E-13  0.331522E-16  0.222813E-16 -0.133239E-14  0.500000E+01
00044400  0.177189E-13  0.116999E-13  0.138552E-13  0.382990E-16  0.212627E-16 -0.132478E-14  0.500000E+01
00044500  0.177404E-13  0.117199E-13  0.138334E-13  0.439497E-16  0.204664E-16 -0.131602E-14  0.500000E+01
00044600  0.177614E-13  0.117404E-13  0.138111E-13  0.501100E-16  0.199581E-16 -0.130610E-14  0.500000E+01
00044700  0.177820E-13  0.117619E-13  0.137881E-13  0.565694E-16  0.199028E-16 -0.129513E-14  0.500000E+01
00044800  0.178022E-13  0.117844E-13  0.137640E-13  0.631649E-16  0.202126E-16 -0.128316E-14  0.500000E+01
00044900  0.178217E-13  0.118080E-13  0.137385E-13  0.700007E-16  0.211309E-16 -0.126988E-14  0.500000E+01
00045000  0.178406E-13  0.118325E-13  0.137118E-13  0.770778E-16  0.226645E-16 -0.125534E-14  0.500000E+01
00045100  0.178589E-13  0.118579E-13  0.136839E-13  0.842654E-16  0.246147E-16 -0.123936E-14  0.500000E+01
00045200  0.178767E-13  0.118842E-13  0.136547E-13  0.914420E-16  0.267251E-16 -0.122187E-14  0.500000E+01
00045300  0.178944E-13  0.119109E-13  0.136240E-13  0.990738E-16  0.284684E-16 -0.120308E-14  0.500000E+01
00045400  0.179120E-13  0.119375E-13  0.135921E-13  0.107002E-15  0.297875E-16 -0.118291E-14  0.500000E+01
00045500  0.179299E-13  0.119641E-13  0.135592E-13  0.115203E-15  0.308014E-16 -0.116128E-14  0.500000E+01
00045600  0.179475E-13  0.119910E-13  0.135246E-13  0.123158E-15  0.314879E-16 -0.113795E-14  0.500000E+01
00045700  0.179649E-13  0.120180E-13  0.134883E-13  0.130830E-15  0.318409E-16 -0.111280E-14  0.500000E+01
00045800  0.179820E-13  0.120453E-13  0.134506E-13  0.138401E-15  0.318646E-16 -0.108580E-14  0.500000E+01
00045900  0.179994E-13  0.120728E-13  0.134119E-13  0.146010E-15  0.316845E-16 -0.105726E-14  0.500000E+01
00046000  0.180170E-13  0.121007E-13  0.133729E-13  0.153802E-15  0.315632E-16 -0.102760E-14  0.500000E+01
00046100  0.180351E-13  0.121287E-13  0.133344E-13  0.161888E-15  0.318406E-16 -0.997046E-15  0.500000E+01
00046200  0.180536E-13  0.121572E-13  0.132968E-13  0.170089E-15  0.323956E-16 -0.965749E-15  0.500000E+01
00046300  0.180727E-13  0.121864E-13  0.132597E-13  0.178240E-15  0.332371E-16 -0.934241E-15  0.500000E+01
00046400  0.180922E-13  0.122165E-13  0.132232E-13  0.185946E-15  0.343839E-16 -0.902935E-15  0.500000E+01
00046500  0.181119E-13  0.122471E-13  0.131870E-13  0.192979E-15  0.356174E-16 -0.872039E-15  0.500000E+01
00046600  0.181312E-13  0.122780E-13  0.131509E-13  0.199266E-15  0.369032E-16 -0.841570E-15  0.500000E+01
00046700  0.181505E-13  0.123093E-13  0.131153E-13  0.204944E-15  0.381554E-16 -0.811682E-15  0.500000E+01
00046800  0.181702E-13  0.123411E-13  0.130808E-13  0.210395E-15  0.393433E-16 -0.782182E-15  0.500000E+01
00046900  0.181904E-13  0.123731E-13  0.130478E-13  0.215913E-15  0.405856E-16 -0.753228E-15  0.500000E+01
00047000  0.182111E-13  0.124049E-13  0.130160E-13  0.221547E-15  0.420946E-16 -0.725051E-15  0.500000E+01
00047100  0.182320E-13  0.124364E-13  0.129843E-13  0.226978E-15  0.441266E-16 -0.697741E-15  0.500000E+01
00047200  0.182525E-13  0.124679E-13  0.129529E-13  0.232230E-15  0.467385E-16 -0.670994E-15  0.500000E+01
00047300  0.182728E-13  0.124990E-13  0.129221E-13  0.237563E-15  0.500132E-16 -0.644595E-15  0.500000E+01
00047400  0.182932E-13  0.125293E-13  0.128926E-13  0.243488E-15  0.539722E-16 -0.618588E-15  0.500000E+01
00047500  0.183147E-13  0.125584E-13  0.128647E-13  0.250351E-15  0.583084E-16 -0.593028E-15  0.500000E+01
00047600  0.183368E-13  0.125863E-13  0.128381E-13  0.258134E-15  0.629955E-16 -0.568215E-15  0.500000E+01
00047700  0.183592E-13  0.126131E-13  0.128126E-13  0.266450E-15  0.679541E-16 -0.544020E-15  0.500000E+01
00047800  0.183820E-13  0.126391E-13  0.127880E-13  0.275141E-15  0.731862E-16 -0.519882E-15  0.500000E+01
00047900  0.184048E-13  0.126645E-13  0.127640E-13  0.284092E-15  0.787087E-16 -0.495571E-15  0.500000E+01
00048000  0.184276E-13  0.126895E-13  0.127406E-13  0.293192E-15  0.844995E-16 -0.471143E-15  0.500000E+01
00048100  0.184503E-13  0.127144E-13  0.127179E-13  0.302394E-15  0.907032E-16 -0.446630E-15  0.500000E+01
00048200  0.184724E-13  0.127393E-13  0.126956E-13  0.311598E-15  0.972754E-16 -0.422194E-15  0.500000E+01
00048300  0.184938E-13  0.127643E-13  0.126737E-13  0.320789E-15  0.104267E-15 -0.397876E-15  0.500000E+01
00048400  0.185144E-13  0.127893E-13  0.126521E-13  0.329863E-15  0.111639E-15 -0.373732E-15  0.500000E+01
00048500  0.185341E-13  0.128142E-13  0.126306E-13  0.338741E-15  0.119105E-15 -0.349919E-15  0.500000E+01
00048600  0.185530E-13  0.128394E-13  0.126092E-13  0.347471E-15  0.126374E-15 -0.326596E-15  0.500000E+01
00048700  0.185710E-13  0.128650E-13  0.125880E-13  0.356464E-15  0.133609E-15 -0.303790E-15  0.500000E+01
00048800  0.185880E-13  0.128911E-13  0.125669E-13  0.365922E-15  0.140915E-15 -0.281488E-15  0.500000E+01
00048900  0.186037E-13  0.129177E-13  0.125454E-13  0.375316E-15  0.148485E-15 -0.259650E-15  0.500000E+01
00049000  0.186182E-13  0.129445E-13  0.125239E-13  0.384422E-15  0.156291E-15 -0.238089E-15  0.500000E+01
00049100  0.186322E-13  0.129733E-13  0.125048E-13  0.391196E-15  0.164844E-15 -0.216550E-15  0.500000E+01
00049200  0.186471E-13  0.130291E-13  0.125144E-13  0.375231E-15  0.178954E-15 -0.194599E-15  0.500000E+01
00049300  0.186590E-13  0.131088E-13  0.125467E-13  0.353345E-15  0.193790E-15 -0.173212E-15  0.500000E+01
00049400  0.186679E-13  0.132120E-13  0.126010E-13  0.329755E-15  0.208017E-15 -0.152374E-15  0.500000E+01
00049500  0.186735E-13  0.133360E-13  0.126742E-13  0.306593E-15  0.221071E-15 -0.132120E-15  0.500000E+01
00049600  0.186752E-13  0.134770E-13  0.127619E-13  0.286124E-15  0.233210E-15 -0.112455E-15  0.500000E+01
00049700  0.186727E-13  0.136384E-13  0.128678E-13  0.268206E-15  0.244274E-15 -0.936706E-16  0.500000E+01
00049800  0.185913E-13  0.131388E-13  0.122473E-13  0.470468E-15  0.195401E-15 -0.943918E-16  0.500000E+01
00049900  0.185908E-13  0.131650E-13  0.122247E-13  0.471545E-15  0.198035E-15 -0.753468E-16  0.500000E+01
00050000  0.185892E-13  0.131913E-13  0.122019E-13  0.471412E-15  0.200391E-15 -0.565087E-16  0.500000E+01
