 # 1: time 2: shear_y 3: <u> 4: f_x 5: f_y  6: f_z 7: <rho> 8: <p> 9: <mom>^n  10: <mom>^(n+1) 11: <C> 12: x_center_of_mass  13: u^2 C=1  14: u^2 C=0 15: ymom1 or Ek1 16: y_mom2 or Ek2 or vmax 17: turbulence stat 18: <p_infl>  19: <p_outfl> 20: Area 21: Ep1 22: Ep2 23: Enstrophy1  24: Enstrophy2 25: R2_frac 26: Vof_flag2 27: dpdx  28: du/dt 29: time_since_restart
  0.000000E+00  1.538333E-02  3.906250E-02  0.000000E+00  0.000000E+00  0.000000E+00  9.321286E+00  0.000000E+00  4.597656E-02  0.000000E+00  8.181980E-03  4.909188E-05  0.000000E+00  2.482734E-07  0.000000E+00  0.000000E+00  0.000000E+00  0.000000E+00  0.000000E+00  3.216265E+03  0.000000E+00  0.000000E+00  0.000000E+00  0.000000E+00  0.000000E+00  4.784000E+03  0.000000E+00  4.597656E+04  2.358759E-01
  1.000000E-04  1.993032E+00  4.999985E+00 -9.135167E+01  0.000000E+00  0.000000E+00  9.321292E+00  4.836770E-01  6.020946E+00  0.000000E+00  8.181986E-03  4.910017E-05  1.288031E-07  2.597022E-05  2.071179E-08  1.211765E-08  0.000000E+00  1.229748E+00  1.142937E-01  3.312457E+03  0.000000E+00  0.000000E+00  1.787252E-01  2.234290E+00  0.000000E+00  4.940000E+03  0.000000E+00  6.020946E+06  1.465996E+02
  2.000000E-04  1.993086E+00  5.000027E+00 -9.135168E+01  0.000000E+00  0.000000E+00  9.321293E+00  4.086403E-01  6.051869E+00  0.000000E+00  8.181988E-03  4.911000E-05  1.901730E-07  2.599318E-05  4.417920E-08  2.210866E-08  0.000000E+00  1.228237E+00  7.809163E-02  3.329478E+03  0.000000E+00  0.000000E+00  1.472079E-01  1.989402E+00  0.000000E+00  5.072000E+03  0.000000E+00  6.051869E+06  1.564200E+02
  3.000000E-04  1.993118E+00  5.000064E+00 -9.135168E+01  0.000000E+00  0.000000E+00  9.321293E+00  4.083934E-01  6.077234E+00  0.000000E+00  8.181988E-03  4.912164E-05  2.551445E-07  2.602516E-05  7.233479E-08  3.144419E-08  0.000000E+00  1.259039E+00  2.859699E-02  3.340320E+03  0.000000E+00  0.000000E+00  1.398123E-01  1.884644E+00  0.000000E+00  5.028000E+03  0.000000E+00  6.077234E+06  1.666942E+02
  4.000000E-04  1.993153E+00  5.000078E+00 -9.135168E+01  0.000000E+00  0.000000E+00  9.321294E+00  3.954750E-01  6.102905E+00  0.000000E+00  8.181988E-03  4.913521E-05  3.271259E-07  2.607123E-05  1.000178E-07  4.055704E-08  0.000000E+00  1.290883E+00 -2.247413E-02  3.353938E+03  0.000000E+00  0.000000E+00  1.477290E-01  1.835259E+00  0.000000E+00  5.036000E+03  0.000000E+00  6.102905E+06  1.769727E+02
  5.000000E-04  1.993215E+00  5.000078E+00 -9.135170E+01  0.000000E+00  0.000000E+00  9.321295E+00  3.282598E-01  6.122753E+00  0.000000E+00  8.181989E-03  4.915044E-05  4.068882E-07  2.610820E-05  1.253352E-07  4.697650E-08  0.000000E+00  1.336390E+00 -7.743780E-02  3.389809E+03  0.000000E+00  0.000000E+00  1.669056E-01  1.814992E+00  0.000000E+00  5.076000E+03  0.000000E+00  6.122753E+06  1.873898E+02
  6.000000E-04  1.993302E+00  5.000056E+00 -9.135170E+01  0.000000E+00  0.000000E+00  9.321295E+00  2.667754E-01  6.156382E+00  0.000000E+00  8.181990E-03  4.916849E-05  5.108903E-07  2.618219E-05  1.385813E-07  5.090563E-08  0.000000E+00  1.378568E+00 -1.170238E-01  3.407529E+03  0.000000E+00  0.000000E+00  2.073215E-01  1.796398E+00  0.000000E+00  5.140000E+03  0.000000E+00  6.156382E+06  1.978732E+02
  7.000000E-04  1.993473E+00  5.000036E+00 -9.135169E+01  0.000000E+00  0.000000E+00  9.321294E+00  3.082982E-01  6.221666E+00  0.000000E+00  8.181988E-03  4.919233E-05  6.388739E-07  2.627785E-05  1.404324E-07  4.934363E-08  0.000000E+00  1.448666E+00 -1.420847E-01  3.463464E+03  0.000000E+00  0.000000E+00  2.619829E-01  1.771406E+00  0.000000E+00  5.140000E+03  0.000000E+00  6.221666E+06  2.084409E+02
  8.000000E-04  1.993853E+00  5.000021E+00 -9.135167E+01  0.000000E+00  0.000000E+00  9.321292E+00  3.108266E-01  6.337087E+00  0.000000E+00  8.181987E-03  4.922668E-05  8.724026E-07  2.644044E-05  1.319640E-07  4.135034E-08  0.000000E+00  1.609185E+00 -1.905475E-01  3.644459E+03  0.000000E+00  0.000000E+00  3.290522E-01  1.754299E+00  0.000000E+00  5.616000E+03  0.000000E+00  6.337087E+06  2.195604E+02
  9.000000E-04  1.994468E+00  5.000017E+00 -9.135169E+01  0.000000E+00  0.000000E+00  9.321294E+00  2.912454E-02  6.483689E+00  0.000000E+00  8.181988E-03  4.927272E-05  1.270144E-06  2.663018E-05  1.346298E-07  3.431718E-08  0.000000E+00  1.669476E+00 -5.339662E-02  3.864547E+03  0.000000E+00  0.000000E+00  4.027926E-01  1.766396E+00  0.000000E+00  5.888000E+03  0.000000E+00  6.483689E+06  2.307984E+02
  1.000000E-03  1.995712E+00  4.999870E+00 -9.135168E+01  0.000000E+00  0.000000E+00  9.321293E+00  2.305712E-01  6.673620E+00  0.000000E+00  8.181988E-03  4.933508E-05  2.022257E-06  2.705458E-05  1.730739E-07  3.559620E-08  0.000000E+00  2.401489E+00 -6.566083E-02  4.200009E+03  0.000000E+00  0.000000E+00  5.576608E-01  2.079861E+00  0.000000E+00  6.482000E+03  0.000000E+00  6.673620E+06  2.443443E+02
  1.100000E-03  2.001526E+00  5.000204E+00 -9.135167E+01  0.000000E+00  0.000000E+00  9.321292E+00  4.413652E+00  6.724381E+00  0.000000E+00  8.181986E-03  4.941237E-05  5.274941E-06  3.047132E-05  8.255778E-08  1.120796E-08  0.000000E+00  3.004789E+00  1.812808E-01  5.022689E+03  0.000000E+00  0.000000E+00  1.297667E+00  1.197235E+01  0.000000E+00  7.766000E+03  0.000000E+00  6.724381E+06  2.757845E+02
