00000000  0.000000E+00  0.000000E+00  0.000000E+00  0.140900E-04  0.201722E-05  0.161072E-04  0.600000E-02  0.600000E-02  0.600000E-02  0.000000E+00
00000100  0.260872E-07  0.515761E-04  0.516022E-04  0.140900E-04  0.201722E-05  0.161072E-04  0.600097E-02  0.600000E-02  0.600000E-02  0.858066E+06
00000200  0.257962E-07  0.515954E-04  0.516212E-04  0.140900E-04  0.201722E-05  0.161072E-04  0.600192E-02  0.600000E-02  0.600000E-02  0.916771E+06
00000300  0.260273E-07  0.516158E-04  0.516418E-04  0.140900E-04  0.201722E-05  0.161072E-04  0.600283E-02  0.600000E-02  0.600000E-02  0.889142E+06
00000400  0.249565E-07  0.516390E-04  0.516639E-04  0.140900E-04  0.201722E-05  0.161072E-04  0.600369E-02  0.600000E-02  0.600000E-02  0.839355E+06
00000500  0.249977E-07  0.516655E-04  0.516905E-04  0.140900E-04  0.201722E-05  0.161072E-04  0.600450E-02  0.600000E-02  0.600000E-02  0.914272E+06
00000600  0.270120E-07  0.516945E-04  0.517215E-04  0.140900E-04  0.201722E-05  0.161072E-04  0.600524E-02  0.600000E-02  0.600000E-02  0.121252E+07
00000700  0.281073E-07  0.517258E-04  0.517539E-04  0.140900E-04  0.201722E-05  0.161072E-04  0.600593E-02  0.600000E-02  0.600000E-02  0.926703E+06
00000800  0.278426E-07  0.517597E-04  0.517876E-04  0.140900E-04  0.201722E-05  0.161072E-04  0.600656E-02  0.600000E-02  0.600000E-02  0.955133E+06
00000900  0.282534E-07  0.517953E-04  0.518236E-04  0.140900E-04  0.201722E-05  0.161072E-04  0.600714E-02  0.600000E-02  0.600000E-02  0.961699E+06
00001000  0.305373E-07  0.518324E-04  0.518629E-04  0.140900E-04  0.201722E-05  0.161072E-04  0.600767E-02  0.600000E-02  0.600000E-02  0.908225E+06
00001100  0.328765E-07  0.518701E-04  0.519029E-04  0.140900E-04  0.201722E-05  0.161072E-04  0.600814E-02  0.600000E-02  0.600000E-02  0.918318E+06
00001200  0.342178E-07  0.519087E-04  0.519429E-04  0.140900E-04  0.201722E-05  0.161072E-04  0.600855E-02  0.600000E-02  0.600000E-02  0.876312E+06
00001300  0.360121E-07  0.519479E-04  0.519839E-04  0.140900E-04  0.201722E-05  0.161072E-04  0.600891E-02  0.600000E-02  0.600000E-02  0.882332E+06
00001400  0.372003E-07  0.519877E-04  0.520249E-04  0.140900E-04  0.201722E-05  0.161072E-04  0.600922E-02  0.600000E-02  0.600000E-02  0.146163E+07
00001500  0.380344E-07  0.520277E-04  0.520657E-04  0.140900E-04  0.201722E-05  0.161072E-04  0.600947E-02  0.600000E-02  0.600000E-02  0.104716E+07
00001600  0.389860E-07  0.520678E-04  0.521068E-04  0.140900E-04  0.201722E-05  0.161072E-04  0.600966E-02  0.600000E-02  0.600000E-02  0.998522E+06
00001700  0.411866E-07  0.521075E-04  0.521487E-04  0.140900E-04  0.201722E-05  0.161072E-04  0.600979E-02  0.600000E-02  0.600000E-02  0.100702E+07
00001800  0.431982E-07  0.521476E-04  0.521908E-04  0.140900E-04  0.201722E-05  0.161072E-04  0.600986E-02  0.600000E-02  0.600000E-02  0.101417E+07
00001900  0.442679E-07  0.521881E-04  0.522324E-04  0.140900E-04  0.201722E-05  0.161072E-04  0.600986E-02  0.600000E-02  0.600000E-02  0.944637E+06
00002000  0.460327E-07  0.522294E-04  0.522754E-04  0.140900E-04  0.201722E-05  0.161072E-04  0.600980E-02  0.600000E-02  0.600000E-02  0.920184E+06
00002100  0.468381E-07  0.522713E-04  0.523181E-04  0.140900E-04  0.201722E-05  0.161072E-04  0.600969E-02  0.600000E-02  0.600000E-02  0.100247E+07
00002200  0.465757E-07  0.523139E-04  0.523605E-04  0.140900E-04  0.201722E-05  0.161072E-04  0.600950E-02  0.600000E-02  0.600000E-02  0.108747E+07
00002300  0.478815E-07  0.523559E-04  0.524038E-04  0.140900E-04  0.201722E-05  0.161072E-04  0.600924E-02  0.600000E-02  0.600000E-02  0.116325E+07
00002400  0.493670E-07  0.523970E-04  0.524464E-04  0.140900E-04  0.201722E-05  0.161072E-04  0.600891E-02  0.600000E-02  0.600000E-02  0.106512E+07
00002500  0.501419E-07  0.524374E-04  0.524876E-04  0.140900E-04  0.201722E-05  0.161072E-04  0.600851E-02  0.600000E-02  0.600000E-02  0.101654E+07
00002600  0.509135E-07  0.524775E-04  0.525284E-04  0.140900E-04  0.201722E-05  0.161072E-04  0.600806E-02  0.600000E-02  0.600000E-02  0.104502E+07
00002700  0.522124E-07  0.525171E-04  0.525693E-04  0.140900E-04  0.201722E-05  0.161072E-04  0.600755E-02  0.600000E-02  0.600000E-02  0.967220E+06
00002800  0.537427E-07  0.525558E-04  0.526096E-04  0.140900E-04  0.201722E-05  0.161072E-04  0.600698E-02  0.600000E-02  0.600000E-02  0.939717E+06
00002900  0.546123E-07  0.525940E-04  0.526486E-04  0.140900E-04  0.201722E-05  0.161072E-04  0.600635E-02  0.600000E-02  0.600000E-02  0.939670E+06
00003000  0.546695E-07  0.526312E-04  0.526859E-04  0.140900E-04  0.201722E-05  0.161072E-04  0.600569E-02  0.600000E-02  0.600000E-02  0.922730E+06
00003100  0.547431E-07  0.526681E-04  0.527229E-04  0.140900E-04  0.201722E-05  0.161072E-04  0.600497E-02  0.600000E-02  0.600000E-02  0.957010E+06
00003200  0.549178E-07  0.527051E-04  0.527601E-04  0.140900E-04  0.201722E-05  0.161072E-04  0.600421E-02  0.600000E-02  0.600000E-02  0.931819E+06
00003300  0.550772E-07  0.527416E-04  0.527967E-04  0.140900E-04  0.201722E-05  0.161072E-04  0.600340E-02  0.600000E-02  0.600000E-02  0.970830E+06
00003400  0.552064E-07  0.527773E-04  0.528326E-04  0.140900E-04  0.201722E-05  0.161072E-04  0.600254E-02  0.600000E-02  0.600000E-02  0.104325E+07
00003500  0.553183E-07  0.528121E-04  0.528674E-04  0.140900E-04  0.201722E-05  0.161072E-04  0.600162E-02  0.600000E-02  0.600000E-02  0.102687E+07
00003600  0.557583E-07  0.528465E-04  0.529022E-04  0.140900E-04  0.201722E-05  0.161072E-04  0.600064E-02  0.600000E-02  0.600000E-02  0.992502E+06
00003700  0.552146E-07  0.528800E-04  0.529352E-04  0.140900E-04  0.201722E-05  0.161072E-04  0.599962E-02  0.600000E-02  0.600000E-02  0.103704E+07
00003800  0.547619E-07  0.529134E-04  0.529682E-04  0.140900E-04  0.201722E-05  0.161072E-04  0.599855E-02  0.600000E-02  0.600000E-02  0.103275E+07
00003900  0.550073E-07  0.529467E-04  0.530017E-04  0.140900E-04  0.201722E-05  0.161072E-04  0.599741E-02  0.600000E-02  0.600000E-02  0.102670E+07
00004000  0.557893E-07  0.529796E-04  0.530354E-04  0.140900E-04  0.201722E-05  0.161072E-04  0.599622E-02  0.600000E-02  0.600000E-02  0.102494E+07
00004100  0.569586E-07  0.530128E-04  0.530697E-04  0.140900E-04  0.201722E-05  0.161072E-04  0.599498E-02  0.600000E-02  0.600000E-02  0.102698E+07
00004200  0.572641E-07  0.530458E-04  0.531030E-04  0.140900E-04  0.201722E-05  0.161072E-04  0.599369E-02  0.600000E-02  0.600000E-02  0.985718E+06
00004300  0.566963E-07  0.530776E-04  0.531343E-04  0.140900E-04  0.201722E-05  0.161072E-04  0.599234E-02  0.600000E-02  0.600000E-02  0.118728E+07
00004400  0.564255E-07  0.531081E-04  0.531646E-04  0.140900E-04  0.201722E-05  0.161072E-04  0.599092E-02  0.600000E-02  0.600000E-02  0.967633E+06
00004500  0.559289E-07  0.531373E-04  0.531932E-04  0.140900E-04  0.201722E-05  0.161072E-04  0.598946E-02  0.600000E-02  0.600000E-02  0.107937E+07
00004600  0.553320E-07  0.531648E-04  0.532202E-04  0.140900E-04  0.201722E-05  0.161072E-04  0.598793E-02  0.600000E-02  0.600000E-02  0.103405E+07
00004700  0.552773E-07  0.531911E-04  0.532464E-04  0.140900E-04  0.201722E-05  0.161072E-04  0.598635E-02  0.600000E-02  0.600000E-02  0.105230E+07
00004800  0.544855E-07  0.532170E-04  0.532715E-04  0.140900E-04  0.201722E-05  0.161072E-04  0.598470E-02  0.600000E-02  0.600000E-02  0.102308E+07
00004900  0.547091E-07  0.532414E-04  0.532961E-04  0.140900E-04  0.201722E-05  0.161072E-04  0.598298E-02  0.600000E-02  0.600000E-02  0.102610E+07
00005000  0.549690E-07  0.532643E-04  0.533193E-04  0.140900E-04  0.201722E-05  0.161072E-04  0.598119E-02  0.600000E-02  0.600000E-02  0.983781E+06
00005100  0.541784E-07  0.532860E-04  0.533402E-04  0.140900E-04  0.201722E-05  0.161072E-04  0.597935E-02  0.600000E-02  0.600000E-02  0.102464E+07
00005200  0.539251E-07  0.533060E-04  0.533600E-04  0.140900E-04  0.201722E-05  0.161072E-04  0.597744E-02  0.600000E-02  0.600000E-02  0.100054E+07
00005300  0.543400E-07  0.533244E-04  0.533787E-04  0.140900E-04  0.201722E-05  0.161072E-04  0.597547E-02  0.600000E-02  0.600000E-02  0.101087E+07
00005400  0.553790E-07  0.533417E-04  0.533971E-04  0.140900E-04  0.201722E-05  0.161072E-04  0.597343E-02  0.600000E-02  0.600000E-02  0.989490E+06
00005500  0.556448E-07  0.533574E-04  0.534130E-04  0.140900E-04  0.201722E-05  0.161072E-04  0.597133E-02  0.600000E-02  0.600000E-02  0.149208E+07
00005600  0.555494E-07  0.533714E-04  0.534270E-04  0.140900E-04  0.201722E-05  0.161072E-04  0.596915E-02  0.600000E-02  0.600000E-02  0.968939E+06
00005700  0.553623E-07  0.533838E-04  0.534392E-04  0.140900E-04  0.201722E-05  0.161072E-04  0.596693E-02  0.600000E-02  0.600000E-02  0.977715E+06
00005800  0.549491E-07  0.533948E-04  0.534498E-04  0.140900E-04  0.201722E-05  0.161072E-04  0.596464E-02  0.600000E-02  0.600000E-02  0.979978E+06
00005900  0.554287E-07  0.534041E-04  0.534596E-04  0.140900E-04  0.201722E-05  0.161072E-04  0.596228E-02  0.600000E-02  0.600000E-02  0.100313E+07
00006000  0.555146E-07  0.534123E-04  0.534678E-04  0.140900E-04  0.201722E-05  0.161072E-04  0.595986E-02  0.600000E-02  0.600000E-02  0.100385E+07
00006100  0.554461E-07  0.534193E-04  0.534747E-04  0.140900E-04  0.201722E-05  0.161072E-04  0.595737E-02  0.600000E-02  0.600000E-02  0.102638E+07
00006200  0.554074E-07  0.534250E-04  0.534804E-04  0.140900E-04  0.201722E-05  0.161072E-04  0.595483E-02  0.600000E-02  0.600000E-02  0.102944E+07
00006300  0.557617E-07  0.534292E-04  0.534850E-04  0.140900E-04  0.201722E-05  0.161072E-04  0.595221E-02  0.600000E-02  0.600000E-02  0.114404E+07
00006400  0.560555E-07  0.534320E-04  0.534880E-04  0.140900E-04  0.201722E-05  0.161072E-04  0.594953E-02  0.600000E-02  0.600000E-02  0.972008E+06
00006500  0.567655E-07  0.534337E-04  0.534905E-04  0.140900E-04  0.201722E-05  0.161072E-04  0.594679E-02  0.600000E-02  0.600000E-02  0.104598E+07
00006600  0.586750E-07  0.534342E-04  0.534928E-04  0.140900E-04  0.201722E-05  0.161072E-04  0.594399E-02  0.600000E-02  0.600000E-02  0.101905E+07
00006700  0.600511E-07  0.534339E-04  0.534939E-04  0.140900E-04  0.201722E-05  0.161072E-04  0.594114E-02  0.600000E-02  0.600000E-02  0.101479E+07
00006800  0.612473E-07  0.534326E-04  0.534939E-04  0.140900E-04  0.201722E-05  0.161072E-04  0.593825E-02  0.600000E-02  0.600000E-02  0.104393E+07
00006900  0.620852E-07  0.534309E-04  0.534929E-04  0.140900E-04  0.201722E-05  0.161072E-04  0.593530E-02  0.600000E-02  0.600000E-02  0.100439E+07
00007000  0.626567E-07  0.534285E-04  0.534911E-04  0.140900E-04  0.201722E-05  0.161072E-04  0.593229E-02  0.600000E-02  0.600000E-02  0.992223E+06
00007100  0.637357E-07  0.534250E-04  0.534887E-04  0.140900E-04  0.201722E-05  0.161072E-04  0.592923E-02  0.600000E-02  0.600000E-02  0.981483E+06
00007200  0.649266E-07  0.534194E-04  0.534843E-04  0.140900E-04  0.201722E-05  0.161072E-04  0.592611E-02  0.600000E-02  0.600000E-02  0.970022E+06
00007300  0.654229E-07  0.534116E-04  0.534770E-04  0.140900E-04  0.201722E-05  0.161072E-04  0.592295E-02  0.600000E-02  0.600000E-02  0.964896E+06
00007400  0.677431E-07  0.534007E-04  0.534684E-04  0.140900E-04  0.201722E-05  0.161072E-04  0.591973E-02  0.600000E-02  0.600000E-02  0.980697E+06
00007500  0.685930E-07  0.533863E-04  0.534549E-04  0.140900E-04  0.201722E-05  0.161072E-04  0.591644E-02  0.600000E-02  0.600000E-02  0.992723E+06
00007600  0.684099E-07  0.533684E-04  0.534368E-04  0.140900E-04  0.201722E-05  0.161072E-04  0.591308E-02  0.600000E-02  0.600000E-02  0.100144E+07
00007700  0.688922E-07  0.533470E-04  0.534159E-04  0.140900E-04  0.201722E-05  0.161072E-04  0.590966E-02  0.600000E-02  0.600000E-02  0.101215E+07
00007800  0.706835E-07  0.533240E-04  0.533947E-04  0.140900E-04  0.201722E-05  0.161072E-04  0.590619E-02  0.600000E-02  0.600000E-02  0.970126E+06
00007900  0.720273E-07  0.533012E-04  0.533732E-04  0.140900E-04  0.201722E-05  0.161072E-04  0.590265E-02  0.600000E-02  0.600000E-02  0.978441E+06
00008000  0.740837E-07  0.532802E-04  0.533543E-04  0.140900E-04  0.201722E-05  0.161072E-04  0.589905E-02  0.600000E-02  0.600000E-02  0.105203E+07
00008100  0.763464E-07  0.532624E-04  0.533388E-04  0.140900E-04  0.201722E-05  0.161072E-04  0.589540E-02  0.600000E-02  0.600000E-02  0.104352E+07
00008200  0.785068E-07  0.532481E-04  0.533266E-04  0.140900E-04  0.201722E-05  0.161072E-04  0.589168E-02  0.600000E-02  0.600000E-02  0.110632E+07
00008300  0.800754E-07  0.532362E-04  0.533163E-04  0.140900E-04  0.201722E-05  0.161072E-04  0.588790E-02  0.600000E-02  0.600000E-02  0.112376E+07
00008400  0.818245E-07  0.532240E-04  0.533058E-04  0.140900E-04  0.201722E-05  0.161072E-04  0.588407E-02  0.600000E-02  0.600000E-02  0.109653E+07
00008500  0.839962E-07  0.532089E-04  0.532929E-04  0.140900E-04  0.201722E-05  0.161072E-04  0.588017E-02  0.599999E-02  0.600000E-02  0.100087E+07
00008600  0.874831E-07  0.531905E-04  0.532780E-04  0.140900E-04  0.201722E-05  0.161072E-04  0.587621E-02  0.599999E-02  0.600000E-02  0.100349E+07
00008700  0.890468E-07  0.531699E-04  0.532589E-04  0.140900E-04  0.201722E-05  0.161072E-04  0.587220E-02  0.599999E-02  0.600000E-02  0.140589E+07
00008800  0.896004E-07  0.531479E-04  0.532375E-04  0.140900E-04  0.201722E-05  0.161072E-04  0.586812E-02  0.599999E-02  0.600000E-02  0.962094E+06
00008900  0.917794E-07  0.531251E-04  0.532169E-04  0.140900E-04  0.201722E-05  0.161072E-04  0.586396E-02  0.599999E-02  0.600000E-02  0.945402E+06
00009000  0.931487E-07  0.531036E-04  0.531967E-04  0.140900E-04  0.201722E-05  0.161072E-04  0.585972E-02  0.599999E-02  0.600000E-02  0.102403E+07
00009100  0.938055E-07  0.530842E-04  0.531780E-04  0.140900E-04  0.201722E-05  0.161072E-04  0.585540E-02  0.599999E-02  0.600000E-02  0.946585E+06
00009200  0.941958E-07  0.530665E-04  0.531607E-04  0.140900E-04  0.201722E-05  0.161072E-04  0.585101E-02  0.599999E-02  0.600000E-02  0.989432E+06
00009300  0.963413E-07  0.530504E-04  0.531467E-04  0.140900E-04  0.201722E-05  0.161072E-04  0.584656E-02  0.599999E-02  0.600001E-02  0.957572E+06
00009400  0.980443E-07  0.530364E-04  0.531344E-04  0.140900E-04  0.201722E-05  0.161072E-04  0.584205E-02  0.599999E-02  0.600001E-02  0.944121E+06
00009500  0.997161E-07  0.530230E-04  0.531227E-04  0.140900E-04  0.201722E-05  0.161072E-04  0.583747E-02  0.599999E-02  0.600001E-02  0.953917E+06
00009600  0.100677E-06  0.530096E-04  0.531103E-04  0.140900E-04  0.201722E-05  0.161072E-04  0.583281E-02  0.599999E-02  0.600001E-02  0.942595E+06
00009700  0.102363E-06  0.529956E-04  0.530979E-04  0.140900E-04  0.201722E-05  0.161072E-04  0.582809E-02  0.599999E-02  0.600001E-02  0.999858E+06
00009800  0.105965E-06  0.529815E-04  0.530875E-04  0.140900E-04  0.201722E-05  0.161072E-04  0.582329E-02  0.599999E-02  0.600001E-02  0.934644E+06
00009900  0.109768E-06  0.529686E-04  0.530784E-04  0.140900E-04  0.201722E-05  0.161072E-04  0.581842E-02  0.599999E-02  0.600001E-02  0.165101E+07
00010000  0.109204E-06  0.529569E-04  0.530661E-04  0.140900E-04  0.201722E-05  0.161072E-04  0.581350E-02  0.599999E-02  0.600001E-02  0.107656E+07
00010100  0.109530E-06  0.529468E-04  0.530563E-04  0.140900E-04  0.201722E-05  0.161072E-04  0.580851E-02  0.599999E-02  0.600001E-02  0.102812E+07
00010200  0.110426E-06  0.529368E-04  0.530472E-04  0.140900E-04  0.201722E-05  0.161072E-04  0.580346E-02  0.599999E-02  0.600001E-02  0.101761E+07
00010300  0.110148E-06  0.529270E-04  0.530372E-04  0.140900E-04  0.201722E-05  0.161072E-04  0.579833E-02  0.599999E-02  0.600001E-02  0.964937E+06
00010400  0.110835E-06  0.529159E-04  0.530267E-04  0.140900E-04  0.201722E-05  0.161072E-04  0.579314E-02  0.599999E-02  0.600001E-02  0.978248E+06
00010500  0.111438E-06  0.529037E-04  0.530152E-04  0.140900E-04  0.201722E-05  0.161072E-04  0.578790E-02  0.599999E-02  0.600001E-02  0.101196E+07
00010600  0.112392E-06  0.528899E-04  0.530023E-04  0.140900E-04  0.201722E-05  0.161072E-04  0.578260E-02  0.599999E-02  0.600001E-02  0.109627E+07
00010700  0.113663E-06  0.528751E-04  0.529887E-04  0.140900E-04  0.201722E-05  0.161072E-04  0.577722E-02  0.599998E-02  0.600001E-02  0.102668E+07
00010800  0.113844E-06  0.528588E-04  0.529726E-04  0.140900E-04  0.201722E-05  0.161072E-04  0.577177E-02  0.599998E-02  0.600001E-02  0.989011E+06
00010900  0.113803E-06  0.528427E-04  0.529565E-04  0.140900E-04  0.201722E-05  0.161072E-04  0.576626E-02  0.599998E-02  0.600001E-02  0.974470E+06
00011000  0.115640E-06  0.528280E-04  0.529436E-04  0.140900E-04  0.201722E-05  0.161072E-04  0.576070E-02  0.599998E-02  0.600001E-02  0.103088E+07
00011100  0.116633E-06  0.528155E-04  0.529321E-04  0.140900E-04  0.201722E-05  0.161072E-04  0.575507E-02  0.599998E-02  0.600002E-02  0.101634E+07
00011200  0.116784E-06  0.528051E-04  0.529219E-04  0.140900E-04  0.201722E-05  0.161072E-04  0.574937E-02  0.599998E-02  0.600002E-02  0.973858E+06
00011300  0.117357E-06  0.527959E-04  0.529133E-04  0.140900E-04  0.201722E-05  0.161072E-04  0.574360E-02  0.599998E-02  0.600002E-02  0.105911E+07
00011400  0.118715E-06  0.527872E-04  0.529059E-04  0.140900E-04  0.201722E-05  0.161072E-04  0.573775E-02  0.599998E-02  0.600002E-02  0.101806E+07
00011500  0.120382E-06  0.527788E-04  0.528992E-04  0.140900E-04  0.201722E-05  0.161072E-04  0.573183E-02  0.599998E-02  0.600002E-02  0.103123E+07
00011600  0.121938E-06  0.527715E-04  0.528934E-04  0.140900E-04  0.201722E-05  0.161072E-04  0.572585E-02  0.599998E-02  0.600002E-02  0.148599E+07
00011700  0.122552E-06  0.527659E-04  0.528884E-04  0.140900E-04  0.201722E-05  0.161072E-04  0.571979E-02  0.599998E-02  0.600002E-02  0.974357E+06
00011800  0.121603E-06  0.527621E-04  0.528837E-04  0.140900E-04  0.201722E-05  0.161072E-04  0.571367E-02  0.599998E-02  0.600002E-02  0.990404E+06
00011900  0.122269E-06  0.527590E-04  0.528813E-04  0.140900E-04  0.201722E-05  0.161072E-04  0.570747E-02  0.599998E-02  0.600002E-02  0.996244E+06
00012000  0.122989E-06  0.527558E-04  0.528788E-04  0.140900E-04  0.201722E-05  0.161072E-04  0.570122E-02  0.599998E-02  0.600002E-02  0.105062E+07
00012100  0.122243E-06  0.527528E-04  0.528750E-04  0.140900E-04  0.201722E-05  0.161072E-04  0.569488E-02  0.599998E-02  0.600002E-02  0.100892E+07
00012200  0.122626E-06  0.527487E-04  0.528713E-04  0.140900E-04  0.201722E-05  0.161072E-04  0.568846E-02  0.599998E-02  0.600002E-02  0.951740E+06
00012300  0.123258E-06  0.527445E-04  0.528677E-04  0.140900E-04  0.201722E-05  0.161072E-04  0.568198E-02  0.599997E-02  0.600002E-02  0.983665E+06
00012400  0.124307E-06  0.527410E-04  0.528653E-04  0.140900E-04  0.201722E-05  0.161072E-04  0.567543E-02  0.599997E-02  0.600002E-02  0.986898E+06
00012500  0.126317E-06  0.527386E-04  0.528649E-04  0.140900E-04  0.201722E-05  0.161072E-04  0.566882E-02  0.599997E-02  0.600002E-02  0.101328E+07
00012600  0.128281E-06  0.527370E-04  0.528653E-04  0.140900E-04  0.201722E-05  0.161072E-04  0.566215E-02  0.599997E-02  0.600002E-02  0.123977E+07
00012700  0.126208E-06  0.527365E-04  0.528627E-04  0.140900E-04  0.201722E-05  0.161072E-04  0.565541E-02  0.599997E-02  0.600003E-02  0.100957E+07
00012800  0.126580E-06  0.527362E-04  0.528627E-04  0.140900E-04  0.201722E-05  0.161072E-04  0.564862E-02  0.599997E-02  0.600003E-02  0.979643E+06
00012900  0.126774E-06  0.527358E-04  0.528626E-04  0.140900E-04  0.201722E-05  0.161072E-04  0.564176E-02  0.599997E-02  0.600003E-02  0.101485E+07
00013000  0.127273E-06  0.527349E-04  0.528622E-04  0.140900E-04  0.201722E-05  0.161072E-04  0.563483E-02  0.599997E-02  0.600003E-02  0.101742E+07
00013100  0.127779E-06  0.527340E-04  0.528617E-04  0.140900E-04  0.201722E-05  0.161072E-04  0.562783E-02  0.599997E-02  0.600003E-02  0.976993E+06
00013200  0.127756E-06  0.527323E-04  0.528600E-04  0.140900E-04  0.201722E-05  0.161072E-04  0.562077E-02  0.599997E-02  0.600003E-02  0.101260E+07
00013300  0.129145E-06  0.527293E-04  0.528585E-04  0.140900E-04  0.201722E-05  0.161072E-04  0.561366E-02  0.599997E-02  0.600003E-02  0.982235E+06
00013400  0.130724E-06  0.527259E-04  0.528566E-04  0.140900E-04  0.201722E-05  0.161072E-04  0.560649E-02  0.599997E-02  0.600003E-02  0.104325E+07
00013500  0.131663E-06  0.527227E-04  0.528544E-04  0.140900E-04  0.201722E-05  0.161072E-04  0.559926E-02  0.599997E-02  0.600003E-02  0.983309E+06
00013600  0.133557E-06  0.527200E-04  0.528535E-04  0.140900E-04  0.201722E-05  0.161072E-04  0.559197E-02  0.599997E-02  0.600003E-02  0.921015E+06
00013700  0.135671E-06  0.527183E-04  0.528540E-04  0.140900E-04  0.201722E-05  0.161072E-04  0.558462E-02  0.599997E-02  0.600003E-02  0.983986E+06
00013800  0.137910E-06  0.527180E-04  0.528559E-04  0.140900E-04  0.201722E-05  0.161072E-04  0.557721E-02  0.599998E-02  0.600003E-02  0.996382E+06
