 # 1: time 2: shear_y 3: <u> 4: f_x 5: f_y  6: f_z 7: <rho> 8: <p> 9: <mom>^n  10: <mom>^(n+1) 11: <C> 12: x_center_of_mass  13: u^2 C=1  14: u^2 C=0 15: ymom1 or Ek1 16: y_mom2 or Ek2 or vmax 17: turbulence stat 18: <p_infl>  19: <p_outfl> 20: Area 21: Ep1 22: Ep2 23: Enstrophy1  24: Enstrophy2 25: R2_frac 26: Vof_flag2 27: dpdx  28: du/dt 29: time_since_restart
  0.000000E+00  1.538333E-02  3.906250E-02  0.000000E+00  0.000000E+00  0.000000E+00  9.321286E+00  0.000000E+00  4.597656E-02  0.000000E+00  8.181980E-03  4.909188E-05  0.000000E+00  2.482734E-07  0.000000E+00  0.000000E+00  0.000000E+00  0.000000E+00  0.000000E+00  3.216265E+03  0.000000E+00  0.000000E+00  0.000000E+00  0.000000E+00  0.000000E+00  4.784000E+03  0.000000E+00  4.597656E+04  2.402489E-01
  1.000000E-04  1.993293E+00  5.000058E+00 -9.135159E+01  0.000000E+00  0.000000E+00  9.321284E+00  6.781988E-01  5.979195E+00  0.000000E+00  8.181978E-03  4.909980E-05  6.798878E-08  2.587359E-05  3.119326E-08  1.067017E-08  0.000000E+00  3.305356E+00  5.464279E-02  3.198779E+03  0.000000E+00  0.000000E+00  1.453322E-01  2.426352E+00  0.000000E+00  4.820000E+03  0.000000E+00  5.979195E+06  1.862185E+02
  2.000000E-04  1.993628E+00  5.000091E+00 -9.135159E+01  0.000000E+00  0.000000E+00  9.321284E+00  6.898340E-01  5.975650E+00  0.000000E+00  8.181978E-03  4.910758E-05  5.050620E-08  2.585726E-05  4.219551E-08  1.846243E-08  0.000000E+00  3.318010E+00  2.909775E-02  3.181495E+03  0.000000E+00  0.000000E+00  8.848224E-02  2.261920E+00  0.000000E+00  4.844000E+03  0.000000E+00  5.975650E+06  2.122722E+02
  3.000000E-04  1.993882E+00  5.000106E+00 -9.135159E+01  0.000000E+00  0.000000E+00  9.321284E+00  6.924500E-01  5.970855E+00  0.000000E+00  8.181978E-03  4.911503E-05  4.437074E-08  2.585627E-05  5.090662E-08  2.425345E-08  0.000000E+00  3.350597E+00 -1.327605E-02  3.170235E+03  0.000000E+00  0.000000E+00  6.619427E-02  2.192176E+00  0.000000E+00  4.836000E+03  0.000000E+00  5.970855E+06  2.384909E+02
  4.000000E-04  1.994138E+00  5.000104E+00 -9.135159E+01  0.000000E+00  0.000000E+00  9.321284E+00  6.878206E-01  5.965317E+00  0.000000E+00  8.181978E-03  4.912207E-05  4.113493E-08  2.586213E-05  5.616837E-08  2.769205E-08  0.000000E+00  3.408636E+00 -7.362326E-02  3.163935E+03  0.000000E+00  0.000000E+00  5.467519E-02  2.177693E+00  0.000000E+00  4.908000E+03  0.000000E+00  5.965317E+06  2.648379E+02
  5.000000E-04  1.994424E+00  5.000095E+00 -9.135159E+01  0.000000E+00  0.000000E+00  9.321284E+00  6.893314E-01  5.959517E+00  0.000000E+00  8.181978E-03  4.912865E-05  3.963379E-08  2.587288E-05  5.988820E-08  3.023675E-08  0.000000E+00  3.448973E+00 -1.144849E-01  3.160894E+03  0.000000E+00  0.000000E+00  4.809932E-02  2.192528E+00  0.000000E+00  4.936000E+03  0.000000E+00  5.959517E+06  2.910469E+02
  6.000000E-04  1.994722E+00  5.000074E+00 -9.135158E+01  0.000000E+00  0.000000E+00  9.321283E+00  6.956824E-01  5.954314E+00  0.000000E+00  8.181978E-03  4.913475E-05  4.178938E-08  2.588738E-05  6.439018E-08  3.282741E-08  0.000000E+00  3.488005E+00 -1.397029E-01  3.161989E+03  0.000000E+00  0.000000E+00  4.503220E-02  2.217551E+00  0.000000E+00  4.936000E+03  0.000000E+00  5.954314E+06  3.170075E+02
  7.000000E-04  1.995039E+00  5.000049E+00 -9.135158E+01  0.000000E+00  0.000000E+00  9.321283E+00  6.925366E-01  5.949075E+00  0.000000E+00  8.181978E-03  4.914039E-05  4.402899E-08  2.590352E-05  6.793404E-08  3.468610E-08  0.000000E+00  3.526590E+00 -1.413436E-01  3.167977E+03  0.000000E+00  0.000000E+00  4.327230E-02  2.248462E+00  0.000000E+00  4.916000E+03  0.000000E+00  5.949075E+06  3.425829E+02
  8.000000E-04  1.995386E+00  5.000030E+00 -9.135159E+01  0.000000E+00  0.000000E+00  9.321284E+00  6.883454E-01  5.943755E+00  0.000000E+00  8.181978E-03  4.914556E-05  4.479938E-08  2.592110E-05  6.966067E-08  3.631637E-08  0.000000E+00  3.563189E+00 -9.317997E-02  3.180422E+03  0.000000E+00  0.000000E+00  4.163077E-02  2.288722E+00  0.000000E+00  4.912000E+03  0.000000E+00  5.943755E+06  3.684993E+02
  9.000000E-04  1.995749E+00  5.000011E+00 -9.135159E+01  0.000000E+00  0.000000E+00  9.321284E+00  6.878605E-01  5.938990E+00  0.000000E+00  8.181978E-03  4.915031E-05  4.488933E-08  2.593980E-05  7.121591E-08  3.770178E-08  0.000000E+00  3.596845E+00  1.184538E-01  3.197180E+03  0.000000E+00  0.000000E+00  4.042746E-02  2.330973E+00  0.000000E+00  4.904000E+03  0.000000E+00  5.938990E+06  3.943591E+02
  1.000000E-03  1.996126E+00  4.999999E+00 -9.135159E+01  0.000000E+00  0.000000E+00  9.321283E+00  6.884862E-01  5.934304E+00  0.000000E+00  8.181978E-03  4.915461E-05  4.631249E-08  2.596007E-05  7.346251E-08  3.902174E-08  0.000000E+00  3.627401E+00  5.705001E-01  3.211680E+03  0.000000E+00  0.000000E+00  3.947789E-02  2.375912E+00  0.000000E+00  4.928000E+03  0.000000E+00  5.934304E+06  4.205079E+02
  1.100000E-03  1.996501E+00  4.999983E+00 -9.135158E+01  0.000000E+00  0.000000E+00  9.321283E+00  6.893361E-01  5.929187E+00  0.000000E+00  8.181978E-03  4.915845E-05  4.785048E-08  2.598059E-05  7.568597E-08  4.044671E-08  0.000000E+00  3.656622E+00  4.357692E-01  3.226003E+03  0.000000E+00  0.000000E+00  3.920298E-02  2.420151E+00  0.000000E+00  4.968000E+03  0.000000E+00  5.929187E+06  4.466946E+02
  1.200000E-03  1.996884E+00  4.999975E+00 -9.135158E+01  9.578835E-10  6.914299E-10  9.321283E+00  6.966198E-01  5.924409E+00  0.000000E+00  8.181978E-03  4.916180E-05  4.850545E-08  2.600040E-05  7.738878E-08  4.141730E-08  0.000000E+00  3.683191E+00 -5.256630E-01  3.235852E+03  0.000000E+00  0.000000E+00  3.836859E-02  2.464318E+00  0.000000E+00  4.964000E+03  0.000000E+00  5.924409E+06  4.736311E+02
  1.300000E-03  1.997268E+00  4.999970E+00 -9.135158E+01  1.208411E-09  1.080341E-09  9.321283E+00  6.948909E-01  5.920063E+00  0.000000E+00  8.181978E-03  4.916475E-05  4.946834E-08  2.602093E-05  7.904349E-08  4.240630E-08  0.000000E+00  3.705078E+00 -1.511534E+00  3.245290E+03  0.000000E+00  0.000000E+00  3.786113E-02  2.505473E+00  0.000000E+00  5.012000E+03  0.000000E+00  5.920063E+06  5.014205E+02
  1.400000E-03  1.997665E+00  4.999969E+00 -9.135158E+01  3.675573E-09 -4.630750E-10  9.321283E+00  6.938402E-01  5.915203E+00  0.000000E+00  8.181978E-03  4.916728E-05  5.022966E-08  2.604157E-05  8.027961E-08  4.286259E-08  0.000000E+00  3.733928E+00 -2.307438E+00  3.249137E+03  0.000000E+00  0.000000E+00  3.692434E-02  2.547548E+00  0.000000E+00  5.040000E+03  0.000000E+00  5.915203E+06  5.283560E+02
  1.500000E-03  1.998076E+00  4.999969E+00 -9.135158E+01  5.901043E-09 -1.743524E-09  9.321283E+00  6.937912E-01  5.909872E+00  0.000000E+00  8.181978E-03  4.916935E-05  5.125270E-08  2.606237E-05  8.129184E-08  4.325639E-08  0.000000E+00  3.757605E+00 -2.913735E+00  3.256363E+03  0.000000E+00  0.000000E+00  3.613378E-02  2.589259E+00  0.000000E+00  5.024000E+03  0.000000E+00  5.909872E+06  5.555345E+02
  1.600000E-03  1.998511E+00  4.999977E+00 -9.135158E+01  7.888689E-09 -2.382157E-09  9.321283E+00  6.962961E-01  5.904606E+00  0.000000E+00  8.181978E-03  4.917092E-05  5.217524E-08  2.608299E-05  8.250769E-08  4.378181E-08  0.000000E+00  3.779827E+00 -3.365338E+00  3.263632E+03  0.000000E+00  0.000000E+00  3.569535E-02  2.628391E+00  0.000000E+00  5.028000E+03  0.000000E+00  5.904606E+06  5.829624E+02
  1.700000E-03  1.998972E+00  4.999982E+00 -9.135158E+01  9.335822E-09 -2.551191E-09  9.321283E+00  6.958852E-01  5.899622E+00  0.000000E+00  8.181978E-03  4.917198E-05  5.403344E-08  2.610351E-05  8.489326E-08  4.428261E-08  0.000000E+00  3.806491E+00 -3.697989E+00  3.265834E+03  0.000000E+00  0.000000E+00  3.593029E-02  2.660551E+00  0.000000E+00  5.024000E+03  0.000000E+00  5.899622E+06  6.103937E+02
  1.800000E-03  1.999487E+00  4.999985E+00 -9.135158E+01  1.037697E-08 -2.467096E-09  9.321283E+00  7.031149E-01  5.894735E+00  0.000000E+00  8.181977E-03  4.917253E-05  5.531056E-08  2.612422E-05  8.613029E-08  4.471182E-08  0.000000E+00  3.835588E+00 -3.946104E+00  3.264135E+03  0.000000E+00  0.000000E+00  3.588997E-02  2.694084E+00  0.000000E+00  5.044000E+03  0.000000E+00  5.894735E+06  6.373385E+02
  1.900000E-03  2.000073E+00  4.999987E+00 -9.135158E+01  1.194118E-08 -2.213386E-09  9.321283E+00  7.062750E-01  5.889346E+00  0.000000E+00  8.181977E-03  4.917257E-05  5.650911E-08  2.614482E-05  8.686297E-08  4.494986E-08  0.000000E+00  3.863797E+00 -4.132294E+00  3.262251E+03  0.000000E+00  0.000000E+00  3.602587E-02  2.728372E+00  0.000000E+00  5.044000E+03  0.000000E+00  5.889346E+06  6.635325E+02
  2.000000E-03  2.000755E+00  4.999991E+00 -9.135158E+01  1.396777E-08 -1.379347E-09  9.321283E+00  7.079685E-01  5.884543E+00  0.000000E+00  8.181977E-03  4.917208E-05  5.908830E-08  2.616658E-05  8.845458E-08  4.554838E-08  0.000000E+00  3.892130E+00 -4.280728E+00  3.264580E+03  0.000000E+00  0.000000E+00  3.623398E-02  2.763672E+00  0.000000E+00  5.036000E+03  0.000000E+00  5.884543E+06  6.904345E+02
  2.100000E-03  2.001566E+00  4.999991E+00 -9.135158E+01  1.714646E-08  2.778238E-10  9.321283E+00  7.100971E-01  5.879173E+00  0.000000E+00  8.181977E-03  4.917111E-05  5.906613E-08  2.618787E-05  8.818935E-08  4.544747E-08  0.000000E+00  3.933234E+00 -4.406885E+00  3.267548E+03  0.000000E+00  0.000000E+00  3.586700E-02  2.801454E+00  0.000000E+00  5.064000E+03  0.000000E+00  5.879173E+06  7.164521E+02
  2.200000E-03  2.002543E+00  4.999997E+00 -9.135158E+01  1.979679E-08  2.197381E-09  9.321283E+00  7.065757E-01  5.873059E+00  0.000000E+00  8.181977E-03  4.916959E-05  5.760486E-08  2.620822E-05  8.634277E-08  4.430475E-08  0.000000E+00  3.964530E+00 -4.499619E+00  3.269374E+03  0.000000E+00  0.000000E+00  3.472503E-02  2.839289E+00  0.000000E+00  5.072000E+03  0.000000E+00  5.873059E+06  7.429571E+02
  2.300000E-03  2.003677E+00  4.999998E+00 -9.135158E+01  2.227834E-08  4.552254E-09  9.321283E+00  7.031021E-01  5.867280E+00  0.000000E+00  8.181977E-03  4.916745E-05  5.706672E-08  2.622903E-05  8.574798E-08  4.356947E-08  0.000000E+00  3.988774E+00 -4.660966E+00  3.269701E+03  0.000000E+00  0.000000E+00  3.385549E-02  2.870588E+00  0.000000E+00  5.076000E+03  0.000000E+00  5.867280E+06  7.693476E+02
  2.400000E-03  2.004770E+00  4.999999E+00 -9.135158E+01  2.637914E-08  7.988565E-09  9.321283E+00  7.032380E-01  5.862245E+00  0.000000E+00  8.181977E-03  4.916472E-05  5.828220E-08  2.624931E-05  8.641260E-08  4.315309E-08  0.000000E+00  4.009688E+00 -5.106213E+00  3.268929E+03  0.000000E+00  0.000000E+00  3.386620E-02  2.894780E+00  0.000000E+00  5.024000E+03  0.000000E+00  5.862245E+06  7.965214E+02
  2.500000E-03  2.005588E+00  4.999998E+00 -9.135158E+01  3.016625E-08  1.280520E-08  9.321283E+00  6.961752E-01  5.857159E+00  0.000000E+00  8.181977E-03  4.916151E-05  5.865050E-08  2.626923E-05  8.631878E-08  4.302528E-08  0.000000E+00  4.036680E+00 -5.410312E+00  3.266974E+03  0.000000E+00  0.000000E+00  3.410565E-02  2.920223E+00  0.000000E+00  4.992000E+03  0.000000E+00  5.857159E+06  8.239168E+02
  2.600000E-03  2.006367E+00  4.999997E+00 -9.135158E+01  3.351410E-08  2.021550E-08  9.321283E+00  6.974768E-01  5.852206E+00  0.000000E+00  8.181977E-03  4.915781E-05  5.907147E-08  2.628899E-05  8.547118E-08  4.285941E-08  0.000000E+00  4.063321E+00 -5.601405E+00  3.265128E+03  0.000000E+00  0.000000E+00  3.408809E-02  2.947669E+00  0.000000E+00  5.020000E+03  0.000000E+00  5.852206E+06  8.515765E+02
  2.700000E-03  2.007146E+00  5.000000E+00 -9.135158E+01  3.491832E-08  2.953068E-08  9.321283E+00  6.969661E-01  5.847363E+00  0.000000E+00  8.181977E-03  4.915363E-05  5.974735E-08  2.630961E-05  8.538229E-08  4.296896E-08  0.000000E+00  4.087732E+00 -5.789102E+00  3.270188E+03  0.000000E+00  0.000000E+00  3.389831E-02  2.975683E+00  0.000000E+00  5.052000E+03  0.000000E+00  5.847363E+06  8.785616E+02
  2.800000E-03  2.007900E+00  4.999996E+00 -9.135158E+01  3.418521E-08  4.018069E-08  9.321283E+00  7.016076E-01  5.843059E+00  0.000000E+00  8.181977E-03  4.914896E-05  6.140490E-08  2.632954E-05  8.596060E-08  4.311998E-08  0.000000E+00  4.115070E+00 -5.918868E+00  3.274535E+03  0.000000E+00  0.000000E+00  3.398016E-02  3.001152E+00  0.000000E+00  5.004000E+03  0.000000E+00  5.843059E+06  9.054866E+02
  2.900000E-03  2.008640E+00  4.999995E+00 -9.135158E+01  3.941743E-08  4.995540E-08  9.321283E+00  7.045857E-01  5.838767E+00  0.000000E+00  8.181977E-03  4.914385E-05  6.368267E-08  2.634897E-05  8.657499E-08  4.342734E-08  0.000000E+00  4.137463E+00 -5.980994E+00  3.276520E+03  0.000000E+00  0.000000E+00  3.440385E-02  3.024289E+00  0.000000E+00  5.008000E+03  0.000000E+00  5.838767E+06  9.314824E+02
  3.000000E-03  2.009359E+00  4.999989E+00 -9.135158E+01  4.881009E-08  5.779527E-08  9.321283E+00  7.035131E-01  5.834958E+00  0.000000E+00  8.181977E-03  4.913839E-05  6.505191E-08  2.636725E-05  8.720958E-08  4.329814E-08  0.000000E+00  4.158518E+00 -5.989739E+00  3.277030E+03  0.000000E+00  0.000000E+00  3.486294E-02  3.049479E+00  0.000000E+00  5.044000E+03  0.000000E+00  5.834958E+06  9.576351E+02
  3.100000E-03  2.010074E+00  4.999990E+00 -9.135158E+01  5.450952E-08  5.882774E-08  9.321283E+00  7.043910E-01  5.831006E+00  0.000000E+00  8.181977E-03  4.913257E-05  6.417272E-08  2.638473E-05  8.730310E-08  4.287111E-08  0.000000E+00  4.181808E+00 -5.994699E+00  3.278242E+03  0.000000E+00  0.000000E+00  3.459958E-02  3.077542E+00  0.000000E+00  5.092000E+03  0.000000E+00  5.831006E+06  9.831108E+02
  3.200000E-03  2.010790E+00  4.999993E+00 -9.135158E+01  6.508811E-08  5.595315E-08  9.321283E+00  7.048893E-01  5.826784E+00  0.000000E+00  8.181977E-03  4.912634E-05  6.377632E-08  2.640303E-05  8.667675E-08  4.257994E-08  0.000000E+00  4.211456E+00 -6.019142E+00  3.281242E+03  0.000000E+00  0.000000E+00  3.394627E-02  3.106569E+00  0.000000E+00  5.052000E+03  0.000000E+00  5.826784E+06  1.008921E+03
  3.300000E-03  2.011495E+00  4.999993E+00 -9.135158E+01  7.848222E-08  4.923661E-08  9.321283E+00  7.030153E-01  5.822648E+00  0.000000E+00  8.181977E-03  4.911972E-05  6.384869E-08  2.642148E-05  8.626783E-08  4.238241E-08  0.000000E+00  4.234033E+00 -6.071411E+00  3.284170E+03  0.000000E+00  0.000000E+00  3.346826E-02  3.133666E+00  0.000000E+00  5.044000E+03  0.000000E+00  5.822648E+06  1.034649E+03
  3.400000E-03  2.012188E+00  4.999998E+00 -9.135158E+01  9.451507E-08  4.123417E-08  9.321283E+00  7.011263E-01  5.818408E+00  0.000000E+00  8.181977E-03  4.911265E-05  6.352359E-08  2.643979E-05  8.588670E-08  4.223238E-08  0.000000E+00  4.255265E+00 -6.158075E+00  3.281479E+03  0.000000E+00  0.000000E+00  3.310427E-02  3.157548E+00  0.000000E+00  4.976000E+03  0.000000E+00  5.818408E+06  1.059819E+03
  3.500000E-03  2.012861E+00  4.999998E+00 -9.135158E+01  1.115236E-07  3.185125E-08  9.321283E+00  6.994072E-01  5.814023E+00  0.000000E+00  8.181977E-03  4.910509E-05  6.342640E-08  2.645770E-05  8.520681E-08  4.237537E-08  0.000000E+00  4.278966E+00 -6.279261E+00  3.283266E+03  0.000000E+00  0.000000E+00  3.291314E-02  3.179005E+00  0.000000E+00  4.976000E+03  0.000000E+00  5.814023E+06  1.084878E+03
  3.600000E-03  2.013524E+00  4.999998E+00 -9.135158E+01  1.249117E-07  2.411446E-08  9.321283E+00  6.985044E-01  5.809674E+00  0.000000E+00  8.181977E-03  4.909711E-05  6.529077E-08  2.647601E-05  8.507079E-08  4.282504E-08  0.000000E+00  4.302994E+00 -6.408469E+00  3.285503E+03  0.000000E+00  0.000000E+00  3.299675E-02  3.197013E+00  0.000000E+00  4.972000E+03  0.000000E+00  5.809674E+06  1.110145E+03
  3.700000E-03  2.014168E+00  4.999994E+00 -9.135158E+01  1.371177E-07  1.873243E-08  9.321283E+00  6.946146E-01  5.805581E+00  0.000000E+00  8.181977E-03  4.908877E-05  6.517202E-08  2.649281E-05  8.484010E-08  4.243886E-08  0.000000E+00  4.322389E+00 -6.537476E+00  3.286385E+03  0.000000E+00  0.000000E+00  3.279662E-02  3.216179E+00  0.000000E+00  4.992000E+03  0.000000E+00  5.805581E+06  1.135542E+03
  3.800000E-03  2.014803E+00  4.999994E+00 -9.135158E+01  1.496636E-07  1.474441E-08  9.321283E+00  6.938939E-01  5.800524E+00  0.000000E+00  8.181977E-03  4.907997E-05  6.598763E-08  2.650949E-05  8.532752E-08  4.248867E-08  0.000000E+00  4.347038E+00 -6.699161E+00  3.287521E+03  0.000000E+00  0.000000E+00  3.274232E-02  3.235179E+00  0.000000E+00  4.944000E+03  0.000000E+00  5.800524E+06  1.160574E+03
  3.900000E-03  2.015434E+00  4.999995E+00 -9.135158E+01  1.599561E-07  1.313199E-08  9.321283E+00  6.946585E-01  5.796200E+00  0.000000E+00  8.181977E-03  4.907068E-05  6.622152E-08  2.652650E-05  8.539354E-08  4.279483E-08  0.000000E+00  4.365627E+00 -6.883658E+00  3.291457E+03  0.000000E+00  0.000000E+00  3.285469E-02  3.256981E+00  0.000000E+00  4.996000E+03  0.000000E+00  5.796200E+06  1.185745E+03
  4.000000E-03  2.016057E+00  4.999992E+00 -9.135158E+01  1.719682E-07  1.113617E-08  9.321283E+00  6.926831E-01  5.791947E+00  0.000000E+00  8.181977E-03  4.906097E-05  6.651462E-08  2.654346E-05  8.565679E-08  4.294744E-08  0.000000E+00  4.389715E+00 -7.053172E+00  3.293474E+03  0.000000E+00  0.000000E+00  3.307779E-02  3.282319E+00  0.000000E+00  4.996000E+03  0.000000E+00  5.791947E+06  1.211273E+03
  4.100000E-03  2.016685E+00  4.999992E+00 -9.135158E+01  1.886999E-07  5.077027E-09  9.321283E+00  6.947454E-01  5.787505E+00  0.000000E+00  8.181977E-03  4.905081E-05  6.756376E-08  2.656095E-05  8.595916E-08  4.318914E-08  0.000000E+00  4.412791E+00 -7.157733E+00  3.294743E+03  0.000000E+00  0.000000E+00  3.332749E-02  3.312321E+00  0.000000E+00  5.036000E+03  0.000000E+00  5.787505E+06  1.236059E+03
  4.200000E-03  2.017315E+00  4.999995E+00 -9.135158E+01  2.046086E-07 -4.158919E-09  9.321283E+00  6.908975E-01  5.783509E+00  0.000000E+00  8.181977E-03  4.904023E-05  6.737556E-08  2.657749E-05  8.502597E-08  4.280291E-08  0.000000E+00  4.433235E+00 -7.209811E+00  3.295981E+03  0.000000E+00  0.000000E+00  3.320215E-02  3.350843E+00  0.000000E+00  4.989000E+03  0.000000E+00  5.783509E+06  1.261054E+03
  4.300000E-03  2.017925E+00  4.999991E+00 -9.135158E+01  2.200850E-07 -1.784446E-08  9.321283E+00  6.909770E-01  5.778349E+00  0.000000E+00  8.181977E-03  4.902916E-05  6.579376E-08  2.659304E-05  8.350663E-08  4.247640E-08  0.000000E+00  4.455599E+00 -7.273873E+00  3.298629E+03  0.000000E+00  0.000000E+00  3.328100E-02  3.390798E+00  0.000000E+00  4.996000E+03  0.000000E+00  5.778349E+06  1.285984E+03
  4.400000E-03  2.018513E+00  4.999984E+00 -9.135158E+01  2.315083E-07 -3.271775E-08  9.321283E+00  6.881156E-01  5.773789E+00  0.000000E+00  8.181977E-03  4.901760E-05  6.581466E-08  2.660750E-05  8.225470E-08  4.199508E-08  0.000000E+00  4.472324E+00 -7.392334E+00  3.302239E+03  0.000000E+00  0.000000E+00  3.365716E-02  3.429036E+00  0.000000E+00  4.996000E+03  0.000000E+00  5.773789E+06  1.310927E+03
  4.500000E-03  2.019082E+00  4.999984E+00 -9.135158E+01  2.427141E-07 -4.922342E-08  9.321283E+00  6.880566E-01  5.768704E+00  0.000000E+00  8.181977E-03  4.900562E-05  6.420316E-08  2.662090E-05  8.118008E-08  4.138747E-08  0.000000E+00  4.482303E+00 -7.524259E+00  3.305422E+03  0.000000E+00  0.000000E+00  3.349433E-02  3.466316E+00  0.000000E+00  5.000000E+03  0.000000E+00  5.768704E+06  1.335756E+03
  4.600000E-03  2.019618E+00  4.999984E+00 -9.135158E+01  2.395709E-07 -7.473446E-08  9.321283E+00  6.782804E-01  5.763893E+00  0.000000E+00  8.181977E-03  4.899313E-05  6.372117E-08  2.663298E-05  8.064884E-08  4.074312E-08  0.000000E+00  4.496441E+00 -7.619974E+00  3.310619E+03  0.000000E+00  0.000000E+00  3.355216E-02  3.503401E+00  0.000000E+00  5.048000E+03  0.000000E+00  5.763893E+06  1.361637E+03
  4.700000E-03  2.020125E+00  4.999982E+00 -9.135158E+01  2.271297E-07 -1.034688E-07  9.321283E+00  6.743903E-01  5.759333E+00  0.000000E+00  8.181977E-03  4.898019E-05  6.367860E-08  2.664618E-05  8.003737E-08  4.071282E-08  0.000000E+00  4.506102E+00 -7.633856E+00  3.309531E+03  0.000000E+00  0.000000E+00  3.396255E-02  3.543828E+00  0.000000E+00  5.037000E+03  0.000000E+00  5.759333E+06  1.389524E+03
  4.800000E-03  2.020623E+00  4.999992E+00 -9.135158E+01  2.143559E-07 -1.331763E-07  9.321283E+00  6.750376E-01  5.754288E+00  0.000000E+00  8.181977E-03  4.896670E-05  6.075094E-08  2.665895E-05  7.747193E-08  4.036754E-08  0.000000E+00  4.524401E+00 -7.579783E+00  3.315845E+03  0.000000E+00  0.000000E+00  3.360230E-02  3.594090E+00  0.000000E+00  5.003000E+03  0.000000E+00  5.754288E+06  1.415818E+03
  4.900000E-03  2.021088E+00  4.999994E+00 -9.135158E+01  1.888982E-07 -1.598748E-07  9.321283E+00  6.759806E-01  5.748827E+00  0.000000E+00  8.181977E-03  4.895262E-05  5.928121E-08  2.667077E-05  7.597973E-08  4.014246E-08  0.000000E+00  4.537398E+00 -7.472249E+00  3.322927E+03  0.000000E+00  0.000000E+00  3.305762E-02  3.647451E+00  0.000000E+00  5.023000E+03  0.000000E+00  5.748827E+06  1.441246E+03
  5.000000E-03  2.021522E+00  4.999996E+00 -9.135158E+01  1.948348E-07 -2.245762E-07  9.321283E+00  6.741988E-01  5.743243E+00  0.000000E+00  8.181977E-03  4.893800E-05  5.939778E-08  2.668138E-05  7.542486E-08  3.999609E-08  0.000000E+00  4.551305E+00 -7.334914E+00  3.324297E+03  0.000000E+00  0.000000E+00  3.264935E-02  3.703388E+00  0.000000E+00  5.023000E+03  0.000000E+00  5.743243E+06  1.467316E+03
  5.100000E-03  2.021931E+00  5.000001E+00 -9.135158E+01  3.288674E-07 -4.419919E-07  9.321283E+00  6.780763E-01  5.738028E+00  0.000000E+00  8.181977E-03  4.892290E-05  5.973683E-08  2.669133E-05  7.433788E-08  3.989220E-08  0.000000E+00  4.563439E+00 -7.211362E+00  3.323846E+03  0.000000E+00  0.000000E+00  3.243213E-02  3.764188E+00  0.000000E+00  5.051000E+03  0.000000E+00  5.738028E+06  1.492465E+03
  5.200000E-03  2.022308E+00  5.000001E+00 -9.135158E+01  6.295538E-07 -8.190392E-07  9.321283E+00  6.734561E-01  5.732808E+00  0.000000E+00  8.181977E-03  4.890730E-05  5.938710E-08  2.670092E-05  7.346103E-08  3.988425E-08  0.000000E+00  4.578983E+00 -7.148216E+00  3.322369E+03  0.000000E+00  0.000000E+00  3.222751E-02  3.828728E+00  0.000000E+00  5.016000E+03  0.000000E+00  5.732808E+06  1.518212E+03
  5.300000E-03  2.022658E+00  4.999997E+00 -9.135158E+01  9.800361E-07 -1.243992E-06  9.321283E+00  6.701742E-01  5.727905E+00  0.000000E+00  8.181977E-03  4.889117E-05  5.877788E-08  2.670931E-05  7.263025E-08  3.980164E-08  0.000000E+00  4.595199E+00 -7.181647E+00  3.323081E+03  0.000000E+00  0.000000E+00  3.218188E-02  3.894298E+00  0.000000E+00  5.040000E+03  0.000000E+00  5.727905E+06  1.544061E+03
  5.400000E-03  2.022998E+00  5.000001E+00 -9.135158E+01  1.288601E-06 -1.608081E-06  9.321283E+00  6.678980E-01  5.722161E+00  0.000000E+00  8.181977E-03  4.887451E-05  5.812605E-08  2.671800E-05  7.089786E-08  3.987348E-08  0.000000E+00  4.613326E+00 -7.299866E+00  3.319324E+03  0.000000E+00  0.000000E+00  3.198183E-02  3.961087E+00  0.000000E+00  4.980000E+03  0.000000E+00  5.722161E+06  1.570409E+03
  5.500000E-03  2.023320E+00  5.000001E+00 -9.135158E+01  1.555941E-06 -1.925517E-06  9.321283E+00  6.611341E-01  5.716217E+00  0.000000E+00  8.181978E-03  4.885727E-05  5.681161E-08  2.672540E-05  6.854260E-08  3.960137E-08  0.000000E+00  4.630825E+00 -7.452191E+00  3.326276E+03  0.000000E+00  0.000000E+00  3.156128E-02  4.024716E+00  0.000000E+00  4.984000E+03  0.000000E+00  5.716217E+06  1.596957E+03
  5.600000E-03  2.023620E+00  5.000000E+00 -9.135158E+01  1.924302E-06 -2.234900E-06  9.321283E+00  6.605117E-01  5.711185E+00  0.000000E+00  8.181978E-03  4.883948E-05  5.783257E-08  2.673120E-05  6.734940E-08  3.930902E-08  0.000000E+00  4.635576E+00 -7.611407E+00  3.334592E+03  0.000000E+00  0.000000E+00  3.151588E-02  4.080438E+00  0.000000E+00  5.044000E+03  0.000000E+00  5.711185E+06  1.622961E+03
  5.700000E-03  2.023900E+00  4.999998E+00 -9.135158E+01  2.313817E-06 -2.582888E-06  9.321283E+00  6.620304E-01  5.706177E+00  0.000000E+00  8.181978E-03  4.882129E-05  5.733731E-08  2.673712E-05  6.587466E-08  3.924982E-08  0.000000E+00  4.650195E+00 -7.807241E+00  3.334906E+03  0.000000E+00  0.000000E+00  3.168879E-02  4.126404E+00  0.000000E+00  4.996000E+03  0.000000E+00  5.706177E+06  1.649124E+03
  5.800000E-03  2.024163E+00  4.999997E+00 -9.135158E+01  2.733745E-06 -2.977796E-06  9.321283E+00  6.611817E-01  5.701049E+00  0.000000E+00  8.181978E-03  4.880255E-05  5.682867E-08  2.674241E-05  6.394611E-08  3.931088E-08  0.000000E+00  4.657648E+00 -8.042789E+00  3.343688E+03  0.000000E+00  0.000000E+00  3.171408E-02  4.164120E+00  0.000000E+00  5.024000E+03  0.000000E+00  5.701049E+06  1.675836E+03
  5.900000E-03  2.024403E+00  4.999997E+00 -9.135158E+01  3.201414E-06 -3.391072E-06  9.321283E+00  6.591523E-01  5.696200E+00  0.000000E+00  8.181978E-03  4.878324E-05  5.670690E-08  2.674657E-05  6.266591E-08  3.919367E-08  0.000000E+00  4.662739E+00 -8.308958E+00  3.348146E+03  0.000000E+00  0.000000E+00  3.158445E-02  4.193046E+00  0.000000E+00  5.056000E+03  0.000000E+00  5.696200E+06  1.701398E+03
  6.000000E-03  2.024630E+00  5.000000E+00 -9.135158E+01  3.830026E-06 -3.930467E-06  9.321283E+00  6.585079E-01  5.691656E+00  0.000000E+00  8.181978E-03  4.876340E-05  5.613925E-08  2.675043E-05  6.074375E-08  3.917368E-08  0.000000E+00  4.674143E+00 -8.580835E+00  3.352577E+03  0.000000E+00  0.000000E+00  3.124123E-02  4.214901E+00  0.000000E+00  5.044000E+03  0.000000E+00  5.691656E+06  1.728270E+03
  6.100000E-03  2.024842E+00  5.000001E+00 -9.135158E+01  4.516532E-06 -4.598744E-06  9.321283E+00  6.527775E-01  5.686402E+00  0.000000E+00  8.181978E-03  4.874309E-05  5.506869E-08  2.675338E-05  5.820979E-08  3.880472E-08  0.000000E+00  4.678511E+00 -8.823285E+00  3.357188E+03  0.000000E+00  0.000000E+00  3.085018E-02  4.231970E+00  0.000000E+00  5.044000E+03  0.000000E+00  5.686402E+06  1.753954E+03
  6.200000E-03  2.025035E+00  5.000002E+00 -9.135158E+01  5.039270E-06 -5.246015E-06  9.321283E+00  6.545326E-01  5.681189E+00  0.000000E+00  8.181978E-03  4.872226E-05  5.333190E-08  2.675584E-05  5.531136E-08  3.860148E-08  0.000000E+00  4.683710E+00 -9.024792E+00  3.364337E+03  0.000000E+00  0.000000E+00  3.035965E-02  4.241147E+00  0.000000E+00  5.044000E+03  0.000000E+00  5.681189E+06  1.779451E+03
  6.300000E-03  2.025202E+00  5.000001E+00 -9.135158E+01  5.612049E-06 -6.056022E-06  9.321283E+00  6.568225E-01  5.675649E+00  0.000000E+00  8.181978E-03  4.870088E-05  5.214600E-08  2.675748E-05  5.320556E-08  3.848352E-08  0.000000E+00  4.687874E+00 -9.198138E+00  3.371602E+03  0.000000E+00  0.000000E+00  2.982902E-02  4.244947E+00  0.000000E+00  5.042000E+03  0.000000E+00  5.675649E+06  1.804809E+03
  6.400000E-03  2.025337E+00  4.999999E+00 -9.135158E+01  5.921126E-06 -6.813608E-06  9.321283E+00  6.615311E-01  5.670868E+00  0.000000E+00  8.181978E-03  4.867894E-05  5.145230E-08  2.675830E-05  5.182524E-08  3.870820E-08  0.000000E+00  4.689370E+00 -9.368705E+00  3.375760E+03  0.000000E+00  0.000000E+00  2.938613E-02  4.242116E+00  0.000000E+00  5.064000E+03  0.000000E+00  5.670868E+06  1.830259E+03
  6.500000E-03  2.025450E+00  5.000001E+00 -9.135158E+01  6.322750E-06 -7.324368E-06  9.321283E+00  6.626562E-01  5.666123E+00  0.000000E+00  8.181978E-03  4.865650E-05  5.053443E-08  2.675912E-05  5.047492E-08  3.923864E-08  0.000000E+00  4.688893E+00 -9.557324E+00  3.377030E+03  0.000000E+00  0.000000E+00  2.904899E-02  4.232657E+00  0.000000E+00  5.072000E+03  0.000000E+00  5.666123E+06  1.855825E+03
  6.600000E-03  2.025534E+00  4.999999E+00 -9.135158E+01  6.764787E-06 -7.559023E-06  9.321283E+00  6.641950E-01  5.662343E+00  0.000000E+00  8.181977E-03  4.863360E-05  5.011055E-08  2.676025E-05  4.954398E-08  4.013226E-08  0.000000E+00  4.693499E+00 -9.771421E+00  3.382418E+03  0.000000E+00  0.000000E+00  2.873890E-02  4.216464E+00  0.000000E+00  5.033000E+03  0.000000E+00  5.662343E+06  1.881508E+03
  6.700000E-03  2.025595E+00  4.999999E+00 -9.135158E+01  7.095358E-06 -7.234427E-06  9.321283E+00  6.626927E-01  5.658415E+00  0.000000E+00  8.181977E-03  4.861031E-05  4.930512E-08  2.676051E-05  4.830638E-08  4.055033E-08  0.000000E+00  4.693840E+00 -1.000389E+01  3.386387E+03  0.000000E+00  0.000000E+00  2.836797E-02  4.195719E+00  0.000000E+00  5.017000E+03  0.000000E+00  5.658415E+06  1.907655E+03
  6.800000E-03  2.025624E+00  4.999997E+00 -9.135158E+01  7.313341E-06 -7.019549E-06  9.321283E+00  6.637745E-01  5.654344E+00  0.000000E+00  8.181977E-03  4.858661E-05  4.935584E-08  2.676022E-05  4.746012E-08  4.067268E-08  0.000000E+00  4.693896E+00 -1.023964E+01  3.392379E+03  0.000000E+00  0.000000E+00  2.826242E-02  4.168996E+00  0.000000E+00  5.082000E+03  0.000000E+00  5.654344E+06  1.932944E+03
  6.900000E-03  2.025628E+00  4.999996E+00 -9.135158E+01  8.207983E-06 -7.159409E-06  9.321283E+00  6.686599E-01  5.649756E+00  0.000000E+00  8.181977E-03  4.856249E-05  4.960355E-08  2.675931E-05  4.686221E-08  4.090600E-08  0.000000E+00  4.694999E+00 -1.046726E+01  3.398487E+03  0.000000E+00  0.000000E+00  2.821876E-02  4.138879E+00  0.000000E+00  5.099000E+03  0.000000E+00  5.649756E+06  1.957522E+03
  7.000000E-03  2.025602E+00  4.999998E+00 -9.135158E+01  9.634519E-06 -7.564797E-06  9.321283E+00  6.732457E-01  5.645215E+00  0.000000E+00  8.181977E-03  4.853789E-05  4.980988E-08  2.675776E-05  4.645428E-08  4.123889E-08  0.000000E+00  4.693973E+00 -1.068980E+01  3.397664E+03  0.000000E+00  0.000000E+00  2.810543E-02  4.109503E+00  0.000000E+00  5.105000E+03  0.000000E+00  5.645215E+06  1.982350E+03
  7.100000E-03  2.025541E+00  5.000005E+00 -9.135158E+01  1.140846E-05 -8.400447E-06  9.321283E+00  6.729469E-01  5.640760E+00  0.000000E+00  8.181977E-03  4.851282E-05  5.015908E-08  2.675569E-05  4.584242E-08  4.145856E-08  0.000000E+00  4.685890E+00 -1.091207E+01  3.395997E+03  0.000000E+00  0.000000E+00  2.817049E-02  4.088177E+00  0.000000E+00  5.133000E+03  0.000000E+00  5.640760E+06  2.007095E+03
  7.200000E-03  2.025430E+00  5.000002E+00 -9.135158E+01  1.319773E-05 -9.095645E-06  9.321283E+00  6.690995E-01  5.636851E+00  0.000000E+00  8.181977E-03  4.848732E-05  5.055904E-08  2.675275E-05  4.561219E-08  4.185204E-08  0.000000E+00  4.684678E+00 -1.115505E+01  3.393405E+03  0.000000E+00  0.000000E+00  2.845865E-02  4.076927E+00  0.000000E+00  5.142000E+03  0.000000E+00  5.636851E+06  2.032323E+03
  7.300000E-03  2.025285E+00  5.000004E+00 -9.135158E+01  1.447975E-05 -9.374532E-06  9.321283E+00  6.650107E-01  5.632377E+00  0.000000E+00  8.181977E-03  4.846142E-05  5.054675E-08  2.674812E-05  4.554036E-08  4.203251E-08  0.000000E+00  4.676787E+00 -1.143094E+01  3.385095E+03  0.000000E+00  0.000000E+00  2.847398E-02  4.075499E+00  0.000000E+00  5.147000E+03  0.000000E+00  5.632377E+06  2.056922E+03
  7.400000E-03  2.025096E+00  5.000004E+00 -9.135158E+01  1.567470E-05 -9.174940E-06  9.321283E+00  6.598519E-01  5.627844E+00  0.000000E+00  8.181978E-03  4.843508E-05  5.143322E-08  2.674306E-05  4.537356E-08  4.245190E-08  0.000000E+00  4.671807E+00 -1.179535E+01  3.376539E+03  0.000000E+00  0.000000E+00  2.855739E-02  4.074847E+00  0.000000E+00  5.142000E+03  0.000000E+00  5.627844E+06  2.081252E+03
  7.500000E-03  2.024873E+00  5.000005E+00 -9.135158E+01  1.710592E-05 -8.487325E-06  9.321283E+00  6.521278E-01  5.622460E+00  0.000000E+00  8.181978E-03  4.840817E-05  5.225536E-08  2.673553E-05  4.441532E-08  4.207652E-08  0.000000E+00  4.666643E+00 -1.230779E+01  3.366554E+03  0.000000E+00  0.000000E+00  2.824056E-02  4.070388E+00  0.000000E+00  5.147000E+03  0.000000E+00  5.622460E+06  2.105778E+03
  7.600000E-03  2.024617E+00  5.000008E+00 -9.135158E+01  1.850504E-05 -8.163298E-06  9.321283E+00  6.572856E-01  5.616562E+00  0.000000E+00  8.181978E-03  4.838068E-05  5.345122E-08  2.672517E-05  4.416042E-08  4.147879E-08  0.000000E+00  4.655740E+00 -1.299506E+01  3.349480E+03  0.000000E+00  0.000000E+00  2.788615E-02  4.054061E+00  0.000000E+00  5.128000E+03  0.000000E+00  5.616562E+06  2.130559E+03
  7.700000E-03  2.024323E+00  5.000007E+00 -9.135158E+01  2.077756E-05 -8.673165E-06  9.321283E+00  6.545712E-01  5.611240E+00  0.000000E+00  8.181978E-03  4.835273E-05  5.467168E-08  2.671363E-05  4.389223E-08  4.106192E-08  0.000000E+00  4.642864E+00 -1.377343E+01  3.330593E+03  0.000000E+00  0.000000E+00  2.782258E-02  4.022312E+00  0.000000E+00  5.125000E+03  0.000000E+00  5.611240E+06  2.155405E+03
  7.800000E-03  2.024003E+00  5.000004E+00 -9.135158E+01  2.436092E-05 -1.037722E-05  9.321283E+00  6.643377E-01  5.606382E+00  0.000000E+00  8.181977E-03  4.832428E-05  5.567623E-08  2.670288E-05  4.319234E-08  4.148150E-08  0.000000E+00  4.633843E+00 -1.442695E+01  3.323850E+03  0.000000E+00  0.000000E+00  2.806109E-02  3.979091E+00  0.000000E+00  5.102000E+03  0.000000E+00  5.606382E+06  2.180342E+03
  7.900000E-03  2.023671E+00  5.000001E+00 -9.135158E+01  2.999108E-05 -1.423479E-05  9.321283E+00  6.609530E-01  5.602006E+00  0.000000E+00  8.181978E-03  4.829534E-05  5.665016E-08  2.669157E-05  4.346516E-08  4.199659E-08  0.000000E+00  4.618998E+00 -1.479507E+01  3.324807E+03  0.000000E+00  0.000000E+00  2.822430E-02  3.924373E+00  0.000000E+00  5.087000E+03  0.000000E+00  5.602006E+06  2.205159E+03
  8.000000E-03  2.023335E+00  4.999996E+00 -9.135158E+01  3.750930E-05 -2.034472E-05  9.321283E+00  6.654615E-01  5.597458E+00  0.000000E+00  8.181977E-03  4.826590E-05  5.863154E-08  2.668149E-05  4.408179E-08  4.232866E-08  0.000000E+00  4.607517E+00 -1.484795E+01  3.323370E+03  0.000000E+00  0.000000E+00  2.864165E-02  3.863521E+00  0.000000E+00  5.112000E+03  0.000000E+00  5.597458E+06  2.230297E+03
  8.100000E-03  2.023013E+00  4.999998E+00 -9.135158E+01  4.627849E-05 -2.796645E-05  9.321283E+00  6.675043E-01  5.592744E+00  0.000000E+00  8.181977E-03  4.823601E-05  6.000752E-08  2.667324E-05  4.403935E-08  4.292089E-08  0.000000E+00  4.596473E+00 -1.455537E+01  3.322246E+03  0.000000E+00  0.000000E+00  2.903566E-02  3.805737E+00  0.000000E+00  5.108000E+03  0.000000E+00  5.592744E+06  2.254949E+03
  8.200000E-03  2.022699E+00  4.999999E+00 -9.135158E+01  5.466673E-05 -3.542068E-05  9.321283E+00  6.700463E-01  5.587563E+00  0.000000E+00  8.181977E-03  4.820559E-05  6.105425E-08  2.666662E-05  4.341717E-08  4.289106E-08  0.000000E+00  4.594450E+00 -1.388234E+01  3.323136E+03  0.000000E+00  0.000000E+00  2.940953E-02  3.755591E+00  0.000000E+00  5.097000E+03  0.000000E+00  5.587563E+06  2.279747E+03
  8.300000E-03  2.022391E+00  4.999995E+00 -9.135158E+01  6.203362E-05 -4.148399E-05  9.321283E+00  6.644322E-01  5.582499E+00  0.000000E+00  8.181978E-03  4.817470E-05  6.163001E-08  2.666063E-05  4.261441E-08  4.259557E-08  0.000000E+00  4.592248E+00 -1.330757E+01  3.326567E+03  0.000000E+00  0.000000E+00  2.927901E-02  3.725395E+00  0.000000E+00  5.117000E+03  0.000000E+00  5.582499E+06  2.305385E+03
  8.400000E-03  2.022069E+00  4.999997E+00 -9.135158E+01  6.795124E-05 -4.564842E-05  9.321283E+00  6.772374E-01  5.576999E+00  0.000000E+00  8.181977E-03  4.814330E-05  6.301520E-08  2.665467E-05  4.260455E-08  4.283024E-08  0.000000E+00  4.576860E+00 -1.327978E+01  3.327010E+03  0.000000E+00  0.000000E+00  2.910028E-02  3.710567E+00  0.000000E+00  5.136000E+03  0.000000E+00  5.576999E+06  2.330843E+03
  8.500000E-03  2.021713E+00  5.000002E+00 -9.135158E+01  7.264950E-05 -4.879897E-05  9.321283E+00  6.786737E-01  5.572152E+00  0.000000E+00  8.181977E-03  4.811140E-05  6.513767E-08  2.664788E-05  4.324884E-08  4.334123E-08  0.000000E+00  4.569750E+00 -1.359637E+01  3.328397E+03  0.000000E+00  0.000000E+00  2.979278E-02  3.701421E+00  0.000000E+00  5.129000E+03  0.000000E+00  5.572152E+06  2.356001E+03
  8.600000E-03  2.021331E+00  5.000005E+00 -9.135158E+01  7.701814E-05 -5.176241E-05  9.321283E+00  6.725305E-01  5.567872E+00  0.000000E+00  8.181977E-03  4.807905E-05  6.756210E-08  2.664019E-05  4.404271E-08  4.407313E-08  0.000000E+00  4.558742E+00 -1.411883E+01  3.335626E+03  0.000000E+00  0.000000E+00  3.058759E-02  3.694573E+00  0.000000E+00  5.116000E+03  0.000000E+00  5.567872E+06  2.380865E+03
  8.700000E-03  2.020946E+00  5.000006E+00 -9.135158E+01  8.126251E-05 -5.480374E-05  9.321283E+00  6.677862E-01  5.562589E+00  0.000000E+00  8.181977E-03  4.804621E-05  6.755561E-08  2.663022E-05  4.233374E-08  4.406449E-08  0.000000E+00  4.560678E+00 -1.475555E+01  3.340073E+03  0.000000E+00  0.000000E+00  3.074985E-02  3.690546E+00  0.000000E+00  5.128000E+03  0.000000E+00  5.562589E+06  2.405524E+03
  8.800000E-03  2.020564E+00  5.000010E+00 -9.135158E+01  8.524144E-05 -5.758198E-05  9.321283E+00  6.645358E-01  5.556319E+00  0.000000E+00  8.181978E-03  4.801279E-05  6.628198E-08  2.661862E-05  4.076743E-08  4.417860E-08  0.000000E+00  4.548487E+00 -1.531509E+01  3.336701E+03  0.000000E+00  0.000000E+00  3.066560E-02  3.684300E+00  0.000000E+00  5.108000E+03  0.000000E+00  5.556319E+06  2.430025E+03
  8.900000E-03  2.020180E+00  5.000007E+00 -9.135158E+01  8.923737E-05 -6.044957E-05  9.321283E+00  6.622054E-01  5.550345E+00  0.000000E+00  8.181978E-03  4.797876E-05  6.734640E-08  2.660717E-05  4.068548E-08  4.400505E-08  0.000000E+00  4.541296E+00 -1.567437E+01  3.329321E+03  0.000000E+00  0.000000E+00  3.066718E-02  3.669557E+00  0.000000E+00  5.053000E+03  0.000000E+00  5.550345E+06  2.454767E+03
  9.000000E-03  2.019814E+00  4.999999E+00 -9.135158E+01  9.292407E-05 -6.343358E-05  9.321283E+00  6.709901E-01  5.543975E+00  0.000000E+00  8.181977E-03  4.794407E-05  6.679137E-08  2.659513E-05  3.961615E-08  4.311542E-08  0.000000E+00  4.537556E+00 -1.579963E+01  3.321708E+03  0.000000E+00  0.000000E+00  3.037279E-02  3.646536E+00  0.000000E+00  5.054000E+03  0.000000E+00  5.543975E+06  2.479772E+03
  9.100000E-03  2.019475E+00  5.000000E+00 -9.135158E+01  9.668252E-05 -6.580982E-05  9.321283E+00  6.771797E-01  5.537824E+00  0.000000E+00  8.181977E-03  4.790877E-05  6.575777E-08  2.658428E-05  3.790491E-08  4.254250E-08  0.000000E+00  4.526482E+00 -1.573531E+01  3.320376E+03  0.000000E+00  0.000000E+00  2.978575E-02  3.619175E+00  0.000000E+00  5.064000E+03  0.000000E+00  5.537824E+06  2.504496E+03
  9.200000E-03  2.019139E+00  5.000000E+00 -9.135158E+01  1.000938E-04 -6.815218E-05  9.321283E+00  6.820666E-01  5.531715E+00  0.000000E+00  8.181977E-03  4.787286E-05  6.697265E-08  2.657466E-05  3.825504E-08  4.222266E-08  0.000000E+00  4.512435E+00 -1.554813E+01  3.320882E+03  0.000000E+00  0.000000E+00  2.981892E-02  3.582898E+00  0.000000E+00  5.073000E+03  0.000000E+00  5.531715E+06  2.529500E+03
  9.300000E-03  2.018812E+00  4.999994E+00 -9.135158E+01  1.049160E-04 -7.207240E-05  9.321283E+00  6.797361E-01  5.526743E+00  0.000000E+00  8.181977E-03  4.783643E-05  6.845914E-08  2.656749E-05  3.827578E-08  4.308034E-08  0.000000E+00  4.507156E+00 -1.530522E+01  3.325580E+03  0.000000E+00  0.000000E+00  3.028031E-02  3.541798E+00  0.000000E+00  5.055000E+03  0.000000E+00  5.526743E+06  2.554465E+03
  9.400000E-03  2.018509E+00  4.999993E+00 -9.135158E+01  1.110981E-04 -7.842564E-05  9.321283E+00  6.798594E-01  5.521355E+00  0.000000E+00  8.181977E-03  4.779950E-05  6.820739E-08  2.656054E-05  3.707561E-08  4.323386E-08  0.000000E+00  4.505179E+00 -1.508284E+01  3.330299E+03  0.000000E+00  0.000000E+00  3.034036E-02  3.506154E+00  0.000000E+00  5.048000E+03  0.000000E+00  5.521355E+06  2.579534E+03
  9.500000E-03  2.018210E+00  4.999993E+00 -9.135158E+01  1.179390E-04 -8.295874E-05  9.321283E+00  6.772227E-01  5.515731E+00  0.000000E+00  8.181977E-03  4.776202E-05  6.937649E-08  2.655393E-05  3.711899E-08  4.366397E-08  0.000000E+00  4.491046E+00 -1.495898E+01  3.334484E+03  0.000000E+00  0.000000E+00  3.025680E-02  3.471872E+00  0.000000E+00  5.053000E+03  0.000000E+00  5.515731E+06  2.604302E+03
  9.600000E-03  2.017918E+00  5.000000E+00 -9.135158E+01  1.253124E-04 -8.856725E-05  9.321283E+00  6.765309E-01  5.509734E+00  0.000000E+00  8.181977E-03  4.772393E-05  6.929683E-08  2.654583E-05  3.657126E-08  4.319679E-08  0.000000E+00  4.485662E+00 -1.496408E+01  3.338654E+03  0.000000E+00  0.000000E+00  2.974991E-02  3.438906E+00  0.000000E+00  5.103000E+03  0.000000E+00  5.509734E+06  2.628751E+03
  9.700000E-03  2.017616E+00  5.000001E+00 -9.135158E+01  1.331899E-04 -9.649561E-05  9.321283E+00  6.712636E-01  5.503681E+00  0.000000E+00  8.181977E-03  4.768528E-05  7.018885E-08  2.653770E-05  3.692337E-08  4.277346E-08  0.000000E+00  4.472730E+00 -1.501912E+01  3.341232E+03  0.000000E+00  0.000000E+00  2.979181E-02  3.407510E+00  0.000000E+00  5.064000E+03  0.000000E+00  5.503681E+06  2.653109E+03
  9.800000E-03  2.017312E+00  4.999999E+00 -9.135158E+01  1.411742E-04 -1.058200E-04  9.321283E+00  6.755517E-01  5.498606E+00  0.000000E+00  8.181977E-03  4.764604E-05  7.184966E-08  2.653150E-05  3.816759E-08  4.334097E-08  0.000000E+00  4.469843E+00 -1.504397E+01  3.337519E+03  0.000000E+00  0.000000E+00  3.007849E-02  3.380464E+00  0.000000E+00  5.021000E+03  0.000000E+00  5.498606E+06  2.677723E+03
  9.900000E-03  2.017026E+00  5.000002E+00 -9.135158E+01  1.492883E-04 -1.151838E-04  9.321283E+00  6.799722E-01  5.494247E+00  0.000000E+00  8.181977E-03  4.760622E-05  7.303500E-08  2.652586E-05  3.848362E-08  4.335419E-08  0.000000E+00  4.461057E+00 -1.495878E+01  3.333622E+03  0.000000E+00  0.000000E+00  2.987154E-02  3.357261E+00  0.000000E+00  5.052000E+03  0.000000E+00  5.494247E+06  2.702454E+03
  1.000000E-02  2.016749E+00  5.000002E+00 -9.135158E+01  1.579525E-04 -1.246913E-04  9.321283E+00  6.802979E-01  5.489127E+00  0.000000E+00  8.181977E-03  4.756589E-05  7.151997E-08  2.651841E-05  3.749395E-08  4.267818E-08  0.000000E+00  4.463517E+00 -1.477404E+01  3.334531E+03  0.000000E+00  0.000000E+00  2.951492E-02  3.338432E+00  0.000000E+00  5.047000E+03  0.000000E+00  5.489127E+06  2.728150E+03
  1.010000E-02  2.016483E+00  5.000006E+00 -9.135158E+01  1.663505E-04 -1.339393E-04  9.321283E+00  6.724941E-01  5.483652E+00  0.000000E+00  8.181977E-03  4.752510E-05  7.140835E-08  2.651294E-05  3.653710E-08  4.218813E-08  0.000000E+00  4.456716E+00 -1.453055E+01  3.341608E+03  0.000000E+00  0.000000E+00  2.910456E-02  3.324091E+00  0.000000E+00  5.051000E+03  0.000000E+00  5.483652E+06  2.753537E+03
  1.020000E-02  2.016205E+00  5.000005E+00 -9.135158E+01  1.754364E-04 -1.435571E-04  9.321283E+00  6.844042E-01  5.478551E+00  0.000000E+00  8.181977E-03  4.748374E-05  7.062081E-08  2.650752E-05  3.687776E-08  4.228941E-08  0.000000E+00  4.455980E+00 -1.431728E+01  3.342245E+03  0.000000E+00  0.000000E+00  2.895668E-02  3.306876E+00  0.000000E+00  5.021000E+03  0.000000E+00  5.478551E+06  2.778786E+03
  1.030000E-02  2.015925E+00  5.000013E+00 -9.135158E+01  1.844570E-04 -1.526242E-04  9.321283E+00  6.675170E-01  5.472698E+00  0.000000E+00  8.181978E-03  4.744183E-05  7.064125E-08  2.650144E-05  3.670705E-08  4.159336E-08  0.000000E+00  4.447760E+00 -1.422775E+01  3.339471E+03  0.000000E+00  0.000000E+00  2.854701E-02  3.292187E+00  0.000000E+00  4.989000E+03  0.000000E+00  5.472698E+06  2.803868E+03
  1.040000E-02  2.015617E+00  5.000015E+00 -9.135158E+01  1.936029E-04 -1.621605E-04  9.321283E+00  6.803519E-01  5.467945E+00  0.000000E+00  8.181977E-03  4.739937E-05  7.189357E-08  2.649612E-05  3.754357E-08  4.167055E-08  0.000000E+00  4.434707E+00 -1.430194E+01  3.338011E+03  0.000000E+00  0.000000E+00  2.917143E-02  3.273805E+00  0.000000E+00  4.985000E+03  0.000000E+00  5.467945E+06  2.829140E+03
  1.050000E-02  2.015304E+00  5.000017E+00 -9.135158E+01  2.042245E-04 -1.731236E-04  9.321283E+00  6.716909E-01  5.462648E+00  0.000000E+00  8.181977E-03  4.735649E-05  7.312653E-08  2.648974E-05  3.771063E-08  4.122805E-08  0.000000E+00  4.443869E+00 -1.455194E+01  3.328577E+03  0.000000E+00  0.000000E+00  2.933128E-02  3.260089E+00  0.000000E+00  5.006000E+03  0.000000E+00  5.462648E+06  2.854839E+03
  1.060000E-02  2.014982E+00  5.000010E+00 -9.135158E+01  2.147838E-04 -1.842037E-04  9.321283E+00  6.702240E-01  5.457732E+00  0.000000E+00  8.181977E-03  4.731307E-05  7.345031E-08  2.648358E-05  3.758701E-08  4.171029E-08  0.000000E+00  4.444458E+00 -1.492582E+01  3.314920E+03  0.000000E+00  0.000000E+00  2.935851E-02  3.246129E+00  0.000000E+00  4.979000E+03  0.000000E+00  5.457732E+06  2.880731E+03
  1.070000E-02  2.014665E+00  5.000012E+00 -9.135158E+01  2.254711E-04 -1.939623E-04  9.321283E+00  6.617716E-01  5.451326E+00  0.000000E+00  8.181978E-03  4.726908E-05  7.428347E-08  2.647667E-05  3.722676E-08  4.125022E-08  0.000000E+00  4.441268E+00 -1.535575E+01  3.304250E+03  0.000000E+00  0.000000E+00  2.906509E-02  3.235771E+00  0.000000E+00  4.977000E+03  0.000000E+00  5.451326E+06  2.906115E+03
  1.080000E-02  2.014339E+00  5.000012E+00 -9.135158E+01  2.355086E-04 -2.022488E-04  9.321283E+00  6.728613E-01  5.446025E+00  0.000000E+00  8.181977E-03  4.722449E-05  7.569205E-08  2.646841E-05  3.797266E-08  4.130766E-08  0.000000E+00  4.430658E+00 -1.572330E+01  3.294851E+03  0.000000E+00  0.000000E+00  2.919742E-02  3.218334E+00  0.000000E+00  4.985000E+03  0.000000E+00  5.446025E+06  2.931084E+03
  1.090000E-02  2.014026E+00  5.000009E+00 -9.135158E+01  2.461836E-04 -2.113092E-04  9.321283E+00  6.710850E-01  5.441540E+00  0.000000E+00  8.181977E-03  4.717944E-05  7.730964E-08  2.646024E-05  3.902281E-08  4.079776E-08  0.000000E+00  4.431327E+00 -1.589467E+01  3.282245E+03  0.000000E+00  0.000000E+00  2.919657E-02  3.202779E+00  0.000000E+00  5.020000E+03  0.000000E+00  5.441540E+06  2.956890E+03
  1.100000E-02  2.013730E+00  5.000006E+00 -9.135158E+01  2.567236E-04 -2.198619E-04  9.321283E+00  6.636021E-01  5.436462E+00  0.000000E+00  8.181978E-03  4.713391E-05  7.963034E-08  2.645302E-05  4.070822E-08  4.043078E-08  0.000000E+00  4.416265E+00 -1.580889E+01  3.270179E+03  0.000000E+00  0.000000E+00  2.949179E-02  3.184008E+00  0.000000E+00  5.026000E+03  0.000000E+00  5.436462E+06  2.983500E+03
  1.110000E-02  2.013461E+00  5.000009E+00 -9.135158E+01  2.668804E-04 -2.277450E-04  9.321283E+00  6.681034E-01  5.430775E+00  0.000000E+00  8.181978E-03  4.708785E-05  8.049710E-08  2.644692E-05  4.161370E-08  4.038916E-08  0.000000E+00  4.416130E+00 -1.556372E+01  3.267500E+03  0.000000E+00  0.000000E+00  2.961614E-02  3.168056E+00  0.000000E+00  5.052000E+03  0.000000E+00  5.430775E+06  3.009844E+03
  1.120000E-02  2.013220E+00  5.000008E+00 -9.135158E+01  2.766397E-04 -2.360929E-04  9.321283E+00  6.644319E-01  5.424804E+00  0.000000E+00  8.181978E-03  4.704123E-05  8.024543E-08  2.644151E-05  4.159442E-08  3.997738E-08  0.000000E+00  4.424961E+00 -1.531107E+01  3.265414E+03  0.000000E+00  0.000000E+00  2.933107E-02  3.155899E+00  0.000000E+00  5.022000E+03  0.000000E+00  5.424804E+06  3.035639E+03
  1.130000E-02  2.013000E+00  5.000005E+00 -9.135158E+01  2.855843E-04 -2.450181E-04  9.321283E+00  6.692944E-01  5.418386E+00  0.000000E+00  8.181978E-03  4.699397E-05  8.003564E-08  2.643677E-05  4.179591E-08  3.960003E-08  0.000000E+00  4.422258E+00 -1.514524E+01  3.265819E+03  0.000000E+00  0.000000E+00  2.891854E-02  3.142221E+00  0.000000E+00  5.026000E+03  0.000000E+00  5.418386E+06  3.061279E+03
  1.140000E-02  2.012790E+00  5.000003E+00 -9.135158E+01  2.944901E-04 -2.546388E-04  9.321283E+00  6.755937E-01  5.412894E+00  0.000000E+00  8.181977E-03  4.694611E-05  8.121273E-08  2.643310E-05  4.303086E-08  3.985455E-08  0.000000E+00  4.416602E+00 -1.507702E+01  3.272368E+03  0.000000E+00  0.000000E+00  2.901012E-02  3.126332E+00  0.000000E+00  4.991000E+03  0.000000E+00  5.412894E+06  3.086765E+03
  1.150000E-02  2.012591E+00  5.000005E+00 -9.135158E+01  3.030086E-04 -2.648790E-04  9.321283E+00  6.868874E-01  5.407799E+00  0.000000E+00  8.181977E-03  4.689769E-05  8.356070E-08  2.642983E-05  4.489592E-08  4.012103E-08  0.000000E+00  4.416227E+00 -1.503122E+01  3.278588E+03  0.000000E+00  0.000000E+00  2.937382E-02  3.108366E+00  0.000000E+00  4.972000E+03  0.000000E+00  5.407799E+06  3.114635E+03
  1.160000E-02  2.012411E+00  4.999999E+00 -9.135158E+01  3.112065E-04 -2.759883E-04  9.321283E+00  6.740206E-01  5.402721E+00  0.000000E+00  8.181977E-03  4.684877E-05  8.484177E-08  2.642738E-05  4.633503E-08  4.046760E-08  0.000000E+00  4.423736E+00 -1.492025E+01  3.283204E+03  0.000000E+00  0.000000E+00  2.974371E-02  3.093251E+00  0.000000E+00  4.965000E+03  0.000000E+00  5.402721E+06  3.143424E+03
  1.170000E-02  2.012256E+00  4.999995E+00 -9.135158E+01  3.200769E-04 -2.866816E-04  9.321283E+00  6.701374E-01  5.396106E+00  0.000000E+00  8.181978E-03  4.679923E-05  8.485303E-08  2.642428E-05  4.619336E-08  4.025864E-08  0.000000E+00  4.416564E+00 -1.468365E+01  3.289229E+03  0.000000E+00  0.000000E+00  2.965466E-02  3.082888E+00  0.000000E+00  4.961000E+03  0.000000E+00  5.396106E+06  3.168899E+03
  1.180000E-02  2.012128E+00  5.000001E+00 -9.135158E+01  3.302894E-04 -2.972572E-04  9.321283E+00  6.707966E-01  5.389851E+00  0.000000E+00  8.181978E-03  4.674910E-05  8.234599E-08  2.642146E-05  4.493733E-08  3.971812E-08  0.000000E+00  4.421237E+00 -1.438984E+01  3.287721E+03  0.000000E+00  0.000000E+00  2.903968E-02  3.074620E+00  0.000000E+00  4.980000E+03  0.000000E+00  5.389851E+06  3.193982E+03
  1.190000E-02  2.012003E+00  5.000002E+00 -9.135158E+01  3.402900E-04 -3.072777E-04  9.321283E+00  6.740177E-01  5.384334E+00  0.000000E+00  8.181977E-03  4.669843E-05  8.104449E-08  2.642014E-05  4.444990E-08  3.977507E-08  0.000000E+00  4.415396E+00 -1.414256E+01  3.285663E+03  0.000000E+00  0.000000E+00  2.879602E-02  3.065451E+00  0.000000E+00  4.965000E+03  0.000000E+00  5.384334E+06  3.221282E+03
  1.200000E-02  2.011878E+00  5.000009E+00 -9.135158E+01  3.502547E-04 -3.169223E-04  9.321283E+00  6.734798E-01  5.378697E+00  0.000000E+00  8.181978E-03  4.664722E-05  8.130651E-08  2.641842E-05  4.481938E-08  3.985264E-08  0.000000E+00  4.409553E+00 -1.404629E+01  3.280073E+03  0.000000E+00  0.000000E+00  2.902213E-02  3.055811E+00  0.000000E+00  5.037000E+03  0.000000E+00  5.378697E+06  3.246734E+03
  1.210000E-02  2.011766E+00  5.000021E+00 -9.135158E+01  3.603269E-04 -3.263956E-04  9.321283E+00  6.663485E-01  5.372721E+00  0.000000E+00  8.181978E-03  4.659536E-05  8.051715E-08  2.641652E-05  4.405280E-08  3.984148E-08  0.000000E+00  4.420955E+00 -1.410857E+01  3.275304E+03  0.000000E+00  0.000000E+00  2.863092E-02  3.052988E+00  0.000000E+00  5.045000E+03  0.000000E+00  5.372721E+06  3.271657E+03
  1.220000E-02  2.011650E+00  5.000013E+00 -9.135158E+01  3.708225E-04 -3.362947E-04  9.321283E+00  6.668581E-01  5.367439E+00  0.000000E+00  8.181978E-03  4.654287E-05  8.049518E-08  2.641430E-05  4.417560E-08  3.995013E-08  0.000000E+00  4.425048E+00 -1.420988E+01  3.267247E+03  0.000000E+00  0.000000E+00  2.846736E-02  3.048045E+00  0.000000E+00  5.042000E+03  0.000000E+00  5.367439E+06  3.297197E+03
  1.230000E-02  2.011539E+00  5.000007E+00 -9.135158E+01  3.802192E-04 -3.451473E-04  9.321283E+00  6.749414E-01  5.362523E+00  0.000000E+00  8.181977E-03  4.648983E-05  8.202254E-08  2.641186E-05  4.581005E-08  3.998528E-08  0.000000E+00  4.425527E+00 -1.422616E+01  3.259947E+03  0.000000E+00  0.000000E+00  2.870663E-02  3.037547E+00  0.000000E+00  5.020000E+03  0.000000E+00  5.362523E+06  3.322932E+03
  1.240000E-02  2.011439E+00  5.000004E+00 -9.135158E+01  3.874656E-04 -3.529894E-04  9.321283E+00  6.685851E-01  5.356864E+00  0.000000E+00  8.181978E-03  4.643626E-05  8.408433E-08  2.640946E-05  4.772845E-08  3.946795E-08  0.000000E+00  4.425695E+00 -1.410358E+01  3.253652E+03  0.000000E+00  0.000000E+00  2.878885E-02  3.028304E+00  0.000000E+00  5.032000E+03  0.000000E+00  5.356864E+06  3.348861E+03
  1.250000E-02  2.011352E+00  5.000001E+00 -9.135158E+01  3.948469E-04 -3.610148E-04  9.321283E+00  6.657140E-01  5.351694E+00  0.000000E+00  8.181978E-03  4.638217E-05  8.583127E-08  2.640769E-05  4.958167E-08  3.866136E-08  0.000000E+00  4.431047E+00 -1.388620E+01  3.244438E+03  0.000000E+00  0.000000E+00  2.856360E-02  3.019501E+00  0.000000E+00  4.967000E+03  0.000000E+00  5.351694E+06  3.374647E+03
  1.260000E-02  2.011267E+00  4.999992E+00 -9.135158E+01  4.030724E-04 -3.698955E-04  9.321283E+00  6.711259E-01  5.346973E+00  0.000000E+00  8.181978E-03  4.632757E-05  8.630525E-08  2.640712E-05  5.052278E-08  3.852845E-08  0.000000E+00  4.433471E+00 -1.363055E+01  3.230782E+03  0.000000E+00  0.000000E+00  2.861655E-02  3.013449E+00  0.000000E+00  4.932000E+03  0.000000E+00  5.346973E+06  3.400171E+03
  1.270000E-02  2.011194E+00  4.999991E+00 -9.135158E+01  4.077856E-04 -3.797297E-04  9.321283E+00  6.691025E-01  5.341700E+00  0.000000E+00  8.181978E-03  4.627246E-05  8.433380E-08  2.640492E-05  4.953291E-08  3.763012E-08  0.000000E+00  4.437118E+00 -1.339997E+01  3.221662E+03  0.000000E+00  0.000000E+00  2.820358E-02  3.012255E+00  0.000000E+00  4.971000E+03  0.000000E+00  5.341700E+06  3.425591E+03
  1.280000E-02  2.011118E+00  4.999983E+00 -9.135158E+01  4.094041E-04 -3.879896E-04  9.321283E+00  6.650284E-01  5.336534E+00  0.000000E+00  8.181978E-03  4.621686E-05  8.327224E-08  2.640443E-05  4.841406E-08  3.711517E-08  0.000000E+00  4.450402E+00 -1.321645E+01  3.213712E+03  0.000000E+00  0.000000E+00  2.768170E-02  3.011855E+00  0.000000E+00  5.006000E+03  0.000000E+00  5.336534E+06  3.450765E+03
  1.290000E-02  2.011040E+00  4.999984E+00 -9.135158E+01  4.104081E-04 -3.955392E-04  9.321283E+00  6.637468E-01  5.331309E+00  0.000000E+00  8.181978E-03  4.616073E-05  8.215314E-08  2.640408E-05  4.715171E-08  3.692940E-08  0.000000E+00  4.446550E+00 -1.308270E+01  3.211078E+03  0.000000E+00  0.000000E+00  2.705662E-02  3.010460E+00  0.000000E+00  4.963000E+03  0.000000E+00  5.331309E+06  3.477933E+03
  1.300000E-02  2.010951E+00  4.999982E+00 -9.135158E+01  4.112164E-04 -4.034771E-04  9.321283E+00  6.658958E-01  5.325315E+00  0.000000E+00  8.181978E-03  4.610403E-05  8.279124E-08  2.640328E-05  4.787874E-08  3.670784E-08  0.000000E+00  4.444681E+00 -1.303626E+01  3.214419E+03  0.000000E+00  0.000000E+00  2.647954E-02  3.006700E+00  0.000000E+00  4.943000E+03  0.000000E+00  5.325315E+06  3.504466E+03
  1.310000E-02  2.010867E+00  4.999991E+00 -9.135158E+01  4.121805E-04 -4.103674E-04  9.321283E+00  6.640579E-01  5.319884E+00  0.000000E+00  8.181978E-03  4.604680E-05  8.263150E-08  2.640238E-05  4.794515E-08  3.648068E-08  0.000000E+00  4.449541E+00 -1.309366E+01  3.216300E+03  0.000000E+00  0.000000E+00  2.617069E-02  3.005692E+00  0.000000E+00  4.966000E+03  0.000000E+00  5.319884E+06  3.529718E+03
  1.320000E-02  2.010782E+00  5.000000E+00 -9.135158E+01  4.186861E-04 -4.206481E-04  9.321283E+00  6.670875E-01  5.314782E+00  0.000000E+00  8.181978E-03  4.598904E-05  8.239560E-08  2.640120E-05  4.802814E-08  3.658117E-08  0.000000E+00  4.462882E+00 -1.325263E+01  3.218240E+03  0.000000E+00  0.000000E+00  2.546644E-02  3.005756E+00  0.000000E+00  4.956000E+03  0.000000E+00  5.314782E+06  3.555406E+03
  1.330000E-02  2.010684E+00  5.000000E+00 -9.135158E+01  4.136686E-04 -4.395694E-04  9.321283E+00  6.708179E-01  5.309772E+00  0.000000E+00  8.181978E-03  4.593081E-05  8.401501E-08  2.640026E-05  4.990343E-08  3.692210E-08  0.000000E+00  4.458881E+00 -1.344213E+01  3.220627E+03  0.000000E+00  0.000000E+00  2.541719E-02  3.000614E+00  0.000000E+00  4.988000E+03  0.000000E+00  5.309772E+06  3.580264E+03
  1.340000E-02  2.010585E+00  4.999997E+00 -9.135158E+01  4.068527E-04 -4.377926E-04  9.321283E+00  6.686470E-01  5.305380E+00  0.000000E+00  8.181978E-03  4.587214E-05  8.566094E-08  2.639868E-05  5.188492E-08  3.710891E-08  0.000000E+00  4.472269E+00 -1.361552E+01  3.219469E+03  0.000000E+00  0.000000E+00  2.549044E-02  2.996652E+00  0.000000E+00  4.960000E+03  0.000000E+00  5.305380E+06  3.605425E+03
  1.350000E-02  2.010496E+00  4.999998E+00 -9.135158E+01  4.016501E-04 -4.400965E-04  9.321283E+00  6.689183E-01  5.300732E+00  0.000000E+00  8.181978E-03  4.581299E-05  8.734345E-08  2.639722E-05  5.385695E-08  3.742050E-08  0.000000E+00  4.469948E+00 -1.372228E+01  3.218874E+03  0.000000E+00  0.000000E+00  2.563469E-02  2.995411E+00  0.000000E+00  4.972000E+03  0.000000E+00  5.300732E+06  3.630753E+03
  1.360000E-02  2.010408E+00  4.999993E+00 -9.135158E+01  4.029811E-04 -4.448487E-04  9.321283E+00  6.607201E-01  5.295544E+00  0.000000E+00  8.181978E-03  4.575337E-05  9.030626E-08  2.639659E-05  5.602171E-08  3.795464E-08  0.000000E+00  4.471876E+00 -1.372689E+01  3.218150E+03  0.000000E+00  0.000000E+00  2.626447E-02  2.994515E+00  0.000000E+00  4.962000E+03  0.000000E+00  5.295544E+06  3.655885E+03
  1.370000E-02  2.010338E+00  4.999995E+00 -9.135158E+01  3.966409E-04 -4.471819E-04  9.321283E+00  6.674986E-01  5.290574E+00  0.000000E+00  8.181978E-03  4.569320E-05  9.223888E-08  2.639634E-05  5.743176E-08  3.828202E-08  0.000000E+00  4.476385E+00 -1.364631E+01  3.219459E+03  0.000000E+00  0.000000E+00  2.684751E-02  2.991847E+00  0.000000E+00  4.971000E+03  0.000000E+00  5.290574E+06  3.680829E+03
  1.380000E-02  2.010286E+00  5.000005E+00 -9.135158E+01  3.906031E-04 -4.408185E-04  9.321283E+00  6.722120E-01  5.286493E+00  0.000000E+00  8.181978E-03  4.563257E-05  9.366738E-08  2.639645E-05  5.883561E-08  3.817592E-08  0.000000E+00  4.481609E+00 -1.350418E+01  3.220433E+03  0.000000E+00  0.000000E+00  2.698671E-02  2.988795E+00  0.000000E+00  4.930000E+03  0.000000E+00  5.286493E+06  3.706739E+03
