0.0001 0.0106
0.0002 0.0106
0.0003 0.0104
0.0004 0.01
0.0005 0.0097
0.0006 0.0095
0.0007 0.0094
0.0008 0.0092
0.0009 0.0088
0.001 0.0083
0.0011 0.0077
0.0012 0.0072
0.0013 0.0067
0.0014 0.0061
0.0015 0.0056
0.0016 0.0051
0.0017 0.0046
0.0018 0.0039
0.0019 0.0032
0.002 0.0026
0.0021 0.0021
0.0022 0.0013
0.0023 0.0007
0.0024 0.0001
0.0025 -0.0005
0.0026 -0.0014
0.0027 -0.0023
0.0028 -0.0038
0.0029 -0.0056
0.003 -0.0067
0.0031 -0.0079
0.0032 -0.0087
0.0033 -0.0093
0.0034 -0.01
0.0035 -0.0103
0.0036 -0.0107
0.0037 -0.0113
0.0038 -0.012
0.0039 -0.0128
0.004 -0.0138
0.0041 -0.0149
0.0042 -0.0155
0.0043 -0.0159
0.0044 -0.0163
0.0045 -0.0168
0.0046 -0.0177
0.0047 -0.019
0.0048 -0.0199
0.0049 -0.0212
0.005 -0.0222
