0.0001 0.0106
0.0002 0.0106
0.0003 0.0104
0.0004 0.01
0.0005 0.0097
0.0006 0.0095
0.0007 0.0094
0.0008 0.0092
0.0009 0.0088
0.001 0.0083
0.0011 0.0077
0.0012 0.0072
0.0013 0.0067
0.0014 0.0061
0.0015 0.0056
0.0016 0.0051
0.0017 0.0046
0.0018 0.0039
0.0019 0.0032
0.002 0.0026
0.0021 0.0021
0.0022 0.0013
0.0023 0.0007
0.0024 0.0001
0.0025 -0.0005
0.0026 -0.0014
0.0027 -0.0023
0.0028 -0.0038
0.0029 -0.0056
0.003 -0.0067
0.0031 -0.0079
0.0032 -0.0087
0.0033 -0.0093
0.0034 -0.01
0.0035 -0.0103
0.0036 -0.0107
0.0037 -0.0113
0.0038 -0.012
0.0039 -0.0128
0.004 -0.0138
0.0041 -0.0149
0.0042 -0.0155
0.0043 -0.0159
0.0044 -0.0163
0.0045 -0.0168
0.0046 -0.0177
0.0047 -0.019
0.0048 -0.0199
0.0049 -0.0212
0.005 -0.0222
0.0051 -0.0229
0.0052 -0.0231
0.0053 -0.0233
0.0054 -0.0234
0.0055 -0.0237
0.0056 -0.0245
0.0057 -0.0251
0.0058 -0.0259
0.0059 -0.0264
0.006 -0.0268
0.0061 -0.0278
0.0062 -0.0289
0.0063 -0.03
0.0064 -0.0311
0.0065 -0.0323
0.0066 -0.0336
0.0067 -0.0346
0.0068 -0.0354
0.0069 -0.0359
0.007 -0.0366
0.0071 -0.0378
0.0072 -0.0393
0.0073 -0.0402
0.0074 -0.041
0.0075 -0.0418
0.0076 -0.0426
0.0077 -0.0435
0.0078 -0.0445
0.0079 -0.0452
0.008 -0.0461
0.0081 -0.0476
0.0082 -0.049
0.0083 -0.0505
0.0084 -0.0526
0.0085 -0.0551
0.0086 -0.0572
0.0087 -0.0587
0.0088 -0.0605
0.0089 -0.0621
0.009 -0.0634
0.0091 -0.0644
0.0092 -0.0652
0.0093 -0.0656
0.0094 -0.066
0.0095 -0.0666
0.0096 -0.0673
0.0097 -0.068
0.0098 -0.069
0.0099 -0.0702
0.01 -0.0714
