0.0001 0.0097
0.0002 0.0095
0.0003 0.0091
0.0004 0.0086
0.0005 0.0081
0.0006 0.0074
0.0007 0.0069
0.0008 0.0063
0.0009 0.0058
0.001 0.0053
0.0011 0.0047
0.0012 0.0041
0.0013 0.0036
0.0014 0.0031
0.0015 0.0025
0.0016 0.0019
0.0017 0.0013
0.0018 0.0007
0.0019 0
0.002 -0.0006
0.0021 -0.0011
0.0022 -0.0019
0.0023 -0.0026
0.0024 -0.0033
0.0025 -0.004
0.0026 -0.0045
0.0027 -0.0051
0.0028 -0.0057
0.0029 -0.0063
0.003 -0.0066
0.0031 -0.0072
0.0032 -0.0076
0.0033 -0.0081
0.0034 -0.0086
0.0035 -0.0092
0.0036 -0.0098
0.0037 -0.0102
0.0038 -0.0107
0.0039 -0.0114
0.004 -0.0119
0.0041 -0.0124
0.0042 -0.0129
0.0043 -0.0135
0.0044 -0.0142
0.0045 -0.0146
0.0046 -0.0153
0.0047 -0.0158
0.0048 -0.0165
0.0049 -0.0172
0.005 -0.0179
