0.0001 0.0097
0.0002 0.0095
0.0003 0.0091
0.0004 0.0086
0.0005 0.0081
0.0006 0.0074
0.0007 0.0069
0.0008 0.0063
0.0009 0.0058
0.001 0.0053
0.0011 0.0047
0.0012 0.0041
0.0013 0.0036
0.0014 0.0031
0.0015 0.0025
0.0016 0.0019
0.0017 0.0013
0.0018 0.0007
0.0019 0
0.002 -0.0006
0.0021 -0.0011
0.0022 -0.0019
0.0023 -0.0026
0.0024 -0.0033
0.0025 -0.004
0.0026 -0.0045
0.0027 -0.0051
0.0028 -0.0057
0.0029 -0.0063
0.003 -0.0066
0.0031 -0.0072
0.0032 -0.0076
0.0033 -0.0081
0.0034 -0.0086
0.0035 -0.0092
0.0036 -0.0098
0.0037 -0.0102
0.0038 -0.0107
0.0039 -0.0114
0.004 -0.0119
0.0041 -0.0124
0.0042 -0.0129
0.0043 -0.0135
0.0044 -0.0142
0.0045 -0.0146
0.0046 -0.0153
0.0047 -0.0158
0.0048 -0.0165
0.0049 -0.0172
0.005 -0.0179
0.0051 -0.0184
0.0052 -0.0191
0.0053 -0.0197
0.0054 -0.0204
0.0055 -0.021
0.0056 -0.0218
0.0057 -0.0222
0.0058 -0.0229
0.0059 -0.0236
0.006 -0.0242
0.0061 -0.0249
0.0062 -0.0254
0.0063 -0.0262
0.0064 -0.0268
0.0065 -0.0274
0.0066 -0.028
0.0067 -0.0285
0.0068 -0.0289
0.0069 -0.0295
0.007 -0.0301
0.0071 -0.0306
0.0072 -0.0312
0.0073 -0.0316
0.0074 -0.0322
0.0075 -0.0329
0.0076 -0.0336
0.0077 -0.0342
0.0078 -0.0347
0.0079 -0.0354
0.008 -0.036
0.0081 -0.0365
0.0082 -0.0372
0.0083 -0.0378
0.0084 -0.0383
0.0085 -0.039
0.0086 -0.0396
0.0087 -0.0401
0.0088 -0.0408
0.0089 -0.0416
0.009 -0.0424
0.0091 -0.0432
0.0092 -0.0439
0.0093 -0.0445
0.0094 -0.0451
0.0095 -0.0458
0.0096 -0.0466
0.0097 -0.0472
0.0098 -0.048
0.0099 -0.0487
0.01 -0.0492
