0.0001 0.0106
0.0002 0.0106
0.0003 0.0104
0.0004 0.01
0.0005 0.0097
0.0006 0.0095
0.0007 0.0094
0.0008 0.0092
0.0009 0.0088
0.001 0.0083
0.0011 0.0077
0.0012 0.0072
0.0013 0.0067
0.0014 0.0061
0.0015 0.0056
0.0016 0.0051
0.0017 0.0046
0.0018 0.0039
0.0019 0.0032
0.002 0.0026
0.0021 0.0021
0.0022 0.0013
0.0023 0.0007
0.0024 0.0001
0.0025 -0.0005
0.0026 -0.0014
0.0027 -0.0023
0.0028 -0.0038
0.0029 -0.0056
0.003 -0.0067
0.0031 -0.0079
0.0032 -0.0087
0.0033 -0.0093
0.0034 -0.01
0.0035 -0.0103
0.0036 -0.0107
0.0037 -0.0113
0.0038 -0.012
0.0039 -0.0128
0.004 -0.0138
0.0041 -0.0149
0.0042 -0.0155
0.0043 -0.0159
0.0044 -0.0163
0.0045 -0.0168
0.0046 -0.0177
0.0047 -0.019
0.0048 -0.0199
0.0049 -0.0212
0.005 -0.0222
0.0051 -0.0229
0.0052 -0.0231
0.0053 -0.0233
0.0054 -0.0234
0.0055 -0.0237
0.0056 -0.0245
0.0057 -0.0251
0.0058 -0.0259
0.0059 -0.0264
0.006 -0.0268
0.0061 -0.0278
0.0062 -0.0289
0.0063 -0.03
0.0064 -0.0311
0.0065 -0.0323
0.0066 -0.0336
0.0067 -0.0346
0.0068 -0.0354
0.0069 -0.0359
0.007 -0.0366
0.0071 -0.0378
0.0072 -0.0393
0.0073 -0.0402
0.0074 -0.041
0.0075 -0.0418
0.0076 -0.0426
0.0077 -0.0435
0.0078 -0.0445
0.0079 -0.0452
0.008 -0.0461
0.0081 -0.0476
0.0082 -0.049
0.0083 -0.0505
0.0084 -0.0526
0.0085 -0.0551
0.0086 -0.0572
0.0087 -0.0587
0.0088 -0.0605
0.0089 -0.0621
0.009 -0.0634
0.0091 -0.0644
0.0092 -0.0652
0.0093 -0.0656
0.0094 -0.066
0.0095 -0.0666
0.0096 -0.0673
0.0097 -0.068
0.0098 -0.069
0.0099 -0.0702
0.01 -0.0714
0.0101 -0.0727
0.0102 -0.074
0.0103 -0.0755
0.0104 -0.0775
0.0105 -0.0791
0.0106 -0.0809
0.0107 -0.0824
0.0108 -0.084
0.0109 -0.0853
0.011 -0.0866
0.0111 -0.0871
0.0112 -0.0875
0.0113 -0.0883
0.0114 -0.0892
0.0115 -0.09
0.0116 -0.0906
0.0117 -0.0914
0.0118 -0.0922
0.0119 -0.0929
0.012 -0.0938
0.0121 -0.0947
0.0122 -0.0951
0.0123 -0.0957
0.0124 -0.0965
0.0125 -0.0977
0.0126 -0.0983
0.0127 -0.0987
0.0128 -0.0995
0.0129 -0.1003
0.013 -0.1009
0.0131 -0.1015
0.0132 -0.1023
0.0133 -0.1033
0.0134 -0.1044
0.0135 -0.1059
0.0136 -0.1068
0.0137 -0.1073
0.0138 -0.1079
0.0139 -0.1089
0.014 -0.1097
0.0141 -0.1104
0.0142 -0.111
0.0143 -0.1117
0.0144 -0.1125
0.0145 -0.1134
0.0146 -0.1142
0.0147 -0.1151
0.0148 -0.1162
0.0149 -0.1176
0.015 -0.1189
0.0151 -0.1198
0.0152 -0.1204
0.0153 -0.1202
0.0154 -0.1204
0.0155 -0.1213
0.0156 -0.1222
0.0157 -0.1232
0.0158 -0.1241
0.0159 -0.1249
0.016 -0.1263
0.0161 -0.1276
0.0162 -0.1289
0.0163 -0.1298
0.0164 -0.1301
0.0165 -0.1302
0.0166 -0.1303
0.0167 -0.1309
0.0168 -0.1311
0.0169 -0.1315
0.017 -0.1322
0.0171 -0.1327
0.0172 -0.133
0.0173 -0.1337
0.0174 -0.1344
0.0175 -0.1352
0.0176 -0.1363
0.0177 -0.1375
0.0178 -0.138
0.0179 -0.139
0.018 -0.14
0.0181 -0.1412
0.0182 -0.1424
0.0183 -0.1436
0.0184 -0.1439
0.0185 -0.1432
0.0186 -0.1433
0.0187 -0.1437
0.0188 -0.1439
0.0189 -0.1437
0.019 -0.1435
0.0191 -0.1439
0.0192 -0.1442
0.0193 -0.1447
0.0194 -0.1457
0.0195 -0.1463
0.0196 -0.1469
0.0197 -0.1479
0.0198 -0.1487
0.0199 -0.1499
0.02 -0.151
0.0201 -0.152
0.0202 -0.1531
0.0203 -0.1537
0.0204 -0.1544
0.0205 -0.1553
0.0206 -0.1558
0.0207 -0.1557
0.0208 -0.1553
0.0209 -0.1546
0.021 -0.1545
0.0211 -0.1547
0.0212 -0.1548
0.0213 -0.1551
0.0214 -0.156
0.0215 -0.1566
0.0216 -0.1564
0.0217 -0.1573
0.0218 -0.1575
0.0219 -0.1581
0.022 -0.1589
0.0221 -0.1596
0.0222 -0.1605
0.0223 -0.1612
0.0224 -0.1617
0.0225 -0.1617
0.0226 -0.1618
0.0227 -0.162
0.0228 -0.1626
0.0229 -0.1626
0.023 -0.1627
0.0231 -0.1633
0.0232 -0.1649
0.0233 -0.166
0.0234 -0.1671
0.0235 -0.168
0.0236 -0.1691
0.0237 -0.1698
0.0238 -0.1704
0.0239 -0.1719
0.024 -0.1729
0.0241 -0.1743
0.0242 -0.1763
0.0243 -0.1776
0.0244 -0.1785
0.0245 -0.1793
0.0246 -0.1802
0.0247 -0.18
0.0248 -0.1806
0.0249 -0.1826
0.025 -0.184
0.0251 -0.1848
0.0252 -0.1852
0.0253 -0.1859
0.0254 -0.1869
0.0255 -0.1879
0.0256 -0.1893
0.0257 -0.1906
0.0258 -0.192
0.0259 -0.1931
0.026 -0.1936
0.0261 -0.1943
0.0262 -0.1952
0.0263 -0.1968
0.0264 -0.198
0.0265 -0.1987
0.0266 -0.1998
0.0267 -0.2007
0.0268 -0.2012
0.0269 -0.2022
0.027 -0.203
0.0271 -0.2038
0.0272 -0.2051
0.0273 -0.2064
0.0274 -0.2078
0.0275 -0.2087
0.0276 -0.2092
0.0277 -0.2094
0.0278 -0.2099
0.0279 -0.2101
0.028 -0.2106
0.0281 -0.2111
0.0282 -0.2124
0.0283 -0.2139
0.0284 -0.2151
0.0285 -0.216
0.0286 -0.2166
0.0287 -0.2169
0.0288 -0.2169
0.0289 -0.2172
0.029 -0.2172
0.0291 -0.2173
0.0292 -0.218
0.0293 -0.2192
0.0294 -0.2206
0.0295 -0.2213
0.0296 -0.2218
0.0297 -0.2214
0.0298 -0.221
0.0299 -0.2205
0.03 -0.22
0.0301 -0.2199
0.0302 -0.2205
0.0303 -0.2219
0.0304 -0.2231
0.0305 -0.2238
0.0306 -0.2232
0.0307 -0.2226
0.0308 -0.2224
0.0309 -0.2216
0.031 -0.2208
0.0311 -0.2199
0.0312 -0.219
0.0313 -0.2194
0.0314 -0.2208
0.0315 -0.222
0.0316 -0.2222
0.0317 -0.2216
0.0318 -0.22
0.0319 -0.2181
0.032 -0.217
0.0321 -0.2151
0.0322 -0.2121
0.0323 -0.2088
0.0324 -0.2063
0.0325 -0.2064
0.0326 -0.2074
0.0327 -0.2089
0.0328 -0.2098
0.0329 -0.2093
0.033 -0.2079
0.0331 -0.2067
0.0332 -0.2042
0.0333 -0.2009
0.0334 -0.1973
0.0335 -0.193
0.0336 -0.1898
0.0337 -0.187
0.0338 -0.1838
0.0339 -0.1802
0.034 -0.1763
0.0341 -0.1727
0.0342 -0.169
0.0343 -0.1654
0.0344 -0.1616
0.0345 -0.1572
0.0346 -0.1524
0.0347 -0.1468
0.0348 -0.1406
0.0349 -0.1339
0.035 -0.1276
0.0351 -0.1205
0.0352 -0.1134
0.0353 -0.1066
0.0354 -0.0991
0.0355 -0.0919
0.0356 -0.0841
0.0357 -0.0762
0.0358 -0.0686
0.0359 -0.0609
0.036 -0.0528
0.0361 -0.0471
0.0362 -0.0423
0.0363 -0.0381
0.0364 -0.0341
0.0365 -0.03
