 # 1: time 2: shear_y 3: <u> 4: f_x 5: f_y  6: f_z 7: <rho> 8: <p> 9: <mom>^n  1
# 0: <mom>^(n+1) 11: <C> 12: x_center_of_mass  13: u^2 C=1  14: u^2 C=0 15: ymom1
#  or Ek1 16: y_mom2 or Ek2 or vmax 17: turbulence stat 18: <p_infl>  19: <p_outf
# l> 20: Area 21: Ep1 22: Ep2 23: Enstrophy1  24: Enstrophy2 25: R2_frac 26: Vof_
# flag2 27: dpdx  28: du/dt 29: time_since_restart
  0.000000E+00  1.538333E-02  1.953125E-02  0.000000E+00  0.000000E+00  0.000000E+00  9.320726E+00  0.000000E+00  2.298828E-02  0.000000E+00  8.181418E-03  4.908851E-05  0.000000E+00  1.241367E-07  0.000000E+00  0.000000E+00  0.000000E+00  0.000000E+00  0.000000E+00  1.287127E+04  0.000000E+00  0.000000E+00  0.000000E+00  0.000000E+00  0.000000E+00  1.925600E+04  0.000000E+00  2.298828E+05  1.060152E+00
  1.000000E-04  3.983276E+00  5.000142E+00 -9.139123E+01  0.000000E+00  0.000000E+00  9.320727E+00  6.126443E-01  5.997811E+00  0.000000E+00  8.181419E-03  4.909668E-05  7.407611E-08  2.584820E-05  6.054431E-09  4.947364E-09  0.000000E+00  1.372357E+00 -4.849572E-02  1.329041E+04  0.000000E+00  0.000000E+00  2.179276E-01  3.308770E+00  0.000000E+00  1.984400E+04  0.000000E+00  5.997811E+07  2.496003E+02
  2.000000E-04  3.983532E+00  5.000077E+00 -9.139123E+01  0.000000E+00  0.000000E+00  9.320727E+00  6.314971E-01  6.012674E+00  0.000000E+00  8.181419E-03  4.910609E-05  9.160405E-08  2.585105E-05  1.587294E-08  1.060021E-08  0.000000E+00  1.398291E+00 -9.441603E-02  1.317639E+04  0.000000E+00  0.000000E+00  1.654486E-01  2.860405E+00  0.000000E+00  1.964400E+04  0.000000E+00  6.012674E+07  2.931732E+02
  3.000000E-04  3.983717E+00  5.000036E+00 -9.139123E+01  0.000000E+00  0.000000E+00  9.320727E+00  6.372037E-01  6.021402E+00  0.000000E+00  8.181419E-03  4.911652E-05  1.112575E-07  2.585460E-05  2.834964E-08  1.527996E-08  0.000000E+00  1.403237E+00 -1.192424E-01  1.303665E+04  0.000000E+00  0.000000E+00  1.459122E-01  2.694797E+00  0.000000E+00  1.952800E+04  0.000000E+00  6.021402E+07  3.357887E+02
  4.000000E-04  3.983931E+00  5.000012E+00 -9.139123E+01  0.000000E+00  0.000000E+00  9.320727E+00  6.307769E-01  6.026423E+00  0.000000E+00  8.181419E-03  4.912772E-05  1.305687E-07  2.586284E-05  4.204055E-08  1.865269E-08  0.000000E+00  1.401855E+00 -1.340118E-01  1.299603E+04  0.000000E+00  0.000000E+00  1.412366E-01  2.624753E+00  0.000000E+00  1.925200E+04  0.000000E+00  6.026423E+07  3.787403E+02
  5.000000E-04  3.984201E+00  5.000001E+00 -9.139123E+01  0.000000E+00  0.000000E+00  9.320727E+00  6.144665E-01  6.029543E+00  0.000000E+00  8.181419E-03  4.913946E-05  1.502332E-07  2.587544E-05  5.551631E-08  2.118631E-08  0.000000E+00  1.402511E+00 -1.447583E-01  1.302092E+04  0.000000E+00  0.000000E+00  1.468388E-01  2.591513E+00  0.000000E+00  1.932800E+04  0.000000E+00  6.029543E+07  4.216044E+02
  6.000000E-04  3.984509E+00  4.999996E+00 -9.139123E+01  0.000000E+00  0.000000E+00  9.320727E+00  6.015608E-01  6.032639E+00  0.000000E+00  8.181419E-03  4.915169E-05  1.724337E-07  2.589365E-05  6.783901E-08  2.351011E-08  0.000000E+00  1.405004E+00 -1.561459E-01  1.306443E+04  0.000000E+00  0.000000E+00  1.678598E-01  2.565102E+00  0.000000E+00  1.941600E+04  0.000000E+00  6.032639E+07  4.637059E+02
  7.000000E-04  3.984859E+00  4.999995E+00 -9.139123E+01  0.000000E+00  0.000000E+00  9.320727E+00  5.698671E-01  6.044004E+00  0.000000E+00  8.181419E-03  4.916472E-05  2.095997E-07  2.592772E-05  7.566411E-08  2.447710E-08  0.000000E+00  1.426403E+00 -1.814767E-01  1.326232E+04  0.000000E+00  0.000000E+00  2.169694E-01  2.540203E+00  0.000000E+00  1.967200E+04  0.000000E+00  6.044004E+07  5.066786E+02
  8.000000E-04  3.985392E+00  4.999995E+00 -9.139123E+01  0.000000E+00  0.000000E+00  9.320727E+00  5.809581E-01  6.073106E+00  0.000000E+00  8.181419E-03  4.918025E-05  2.652640E-07  2.597350E-05  7.622434E-08  2.434186E-08  0.000000E+00  1.505330E+00 -2.296091E-01  1.384131E+04  0.000000E+00  0.000000E+00  2.683087E-01  2.561793E+00  0.000000E+00  2.051700E+04  0.000000E+00  6.073106E+07  5.494632E+02
  9.000000E-04  3.986359E+00  4.999997E+00 -9.139123E+01  0.000000E+00  0.000000E+00  9.320727E+00  5.455685E-01  6.125053E+00  0.000000E+00  8.181419E-03  4.919993E-05  3.641751E-07  2.602220E-05  7.601464E-08  2.194054E-08  0.000000E+00  1.618908E+00 -3.118301E-01  1.481413E+04  0.000000E+00  0.000000E+00  3.142572E-01  2.670861E+00  0.000000E+00  2.227900E+04  0.000000E+00  6.125053E+07  5.927581E+02
  1.000000E-03  3.988281E+00  4.999997E+00 -9.139123E+01  0.000000E+00  0.000000E+00  9.320727E+00  8.212112E-01  6.173437E+00  0.000000E+00  8.181419E-03  4.922522E-05  5.663739E-07  2.620712E-05  6.606411E-08  1.485907E-08  0.000000E+00  1.977925E+00 -4.852718E-01  1.587756E+04  0.000000E+00  0.000000E+00  4.168313E-01  4.786311E+00  0.000000E+00  2.434400E+04  0.000000E+00  6.173437E+07  6.383872E+02
