 # 1: time 2: shear_y 3: <u> 4: f_x 5: f_y  6: f_z 7: <rho> 8: <p> 9: <mom>^n  1
 #0: <mom>^(n+1) 11: <C> 12: x_center_of_mass  13: u^2 C=1  14: u^2 C=0 15: ymom1
 # or Ek1 16: y_mom2 or Ek2 or vmax 17: turbulence stat 18: <p_infl>  19: <p_outf
 #l> 20: Area 21: Ep1 22: Ep2 23: Enstrophy1  24: Enstrophy2 25: R2_frac 26: Vof_
 #flag2 27: dpdx  28: du/dt 29: time_since_restart
  0.000000E+00  1.538333E-02  1.953125E-02  0.000000E+00  0.000000E+00  0.000000E+00  9.320726E+00  0.000000E+00  2.298828E-02  0.000000E+00  8.181418E-03  4.908851E-05  0.000000E+00  1.241367E-07  0.000000E+00  0.000000E+00  0.000000E+00  0.000000E+00  0.000000E+00  1.287127E+04  0.000000E+00  0.000000E+00  0.000000E+00  0.000000E+00  0.000000E+00  1.925600E+04  0.000000E+00  2.298828E+05  1.468315E+00
  1.000000E-04  3.983710E+00  5.000125E+00 -9.139122E+01  0.000000E+00  0.000000E+00  9.320726E+00  7.061849E-01  5.965930E+00  0.000000E+00  8.181418E-03  4.909612E-05  2.093257E-08  2.579529E-05  1.189460E-08  4.733498E-09  0.000000E+00  5.451738E+00 -1.964970E-01  1.278904E+04  0.000000E+00  0.000000E+00  1.340788E-01  3.645450E+00  0.000000E+00  1.946400E+04  0.000000E+00  5.965930E+07  2.976904E+02
  2.000000E-04  3.984267E+00  5.000060E+00 -9.139122E+01  0.000000E+00  0.000000E+00  9.320726E+00  7.036223E-01  5.960542E+00  0.000000E+00  8.181418E-03  4.910341E-05  1.338439E-08  2.579344E-05  1.513377E-08  7.710411E-09  0.000000E+00  5.419960E+00 -1.799888E-01  1.278163E+04  0.000000E+00  0.000000E+00  7.375337E-02  3.189404E+00  0.000000E+00  1.961200E+04  0.000000E+00  5.960542E+07  3.887194E+02
  3.000000E-04  3.984677E+00  5.000022E+00 -9.139122E+01  0.000000E+00  0.000000E+00  9.320726E+00  7.051476E-01  5.954834E+00  0.000000E+00  8.181418E-03  4.911021E-05  1.144966E-08  2.579902E-05  1.818017E-08  9.725600E-09  0.000000E+00  5.397239E+00 -1.720099E-01  1.279037E+04  0.000000E+00  0.000000E+00  5.359365E-02  3.006879E+00  0.000000E+00  1.966000E+04  0.000000E+00  5.954834E+07  4.787248E+02
  4.000000E-04  3.985090E+00  5.000003E+00 -9.139122E+01  0.000000E+00  0.000000E+00  9.320726E+00  7.068527E-01  5.949235E+00  0.000000E+00  8.181418E-03  4.911649E-05  1.123222E-08  2.580829E-05  2.064721E-08  1.119179E-08  0.000000E+00  5.382652E+00 -1.703436E-01  1.281949E+04  0.000000E+00  0.000000E+00  4.525419E-02  2.940379E+00  0.000000E+00  1.959600E+04  0.000000E+00  5.949235E+07  5.698721E+02
  5.000000E-04  3.985551E+00  4.999995E+00 -9.139122E+01  0.000000E+00  0.000000E+00  9.320726E+00  7.087330E-01  5.944026E+00  0.000000E+00  8.181418E-03  4.912226E-05  1.161670E-08  2.582000E-05  2.278616E-08  1.223722E-08  0.000000E+00  5.381483E+00 -1.772782E-01  1.284380E+04  0.000000E+00  0.000000E+00  4.164643E-02  2.925950E+00  0.000000E+00  1.960800E+04  0.000000E+00  5.944026E+07  6.602986E+02
  6.000000E-04  3.986087E+00  4.999993E+00 -9.139122E+01  0.000000E+00  0.000000E+00  9.320726E+00  7.078286E-01  5.938638E+00  0.000000E+00  8.181418E-03  4.912755E-05  1.172276E-08  2.583354E-05  2.401576E-08  1.287943E-08  0.000000E+00  5.392242E+00 -1.915621E-01  1.289192E+04  0.000000E+00  0.000000E+00  3.900016E-02  2.943335E+00  0.000000E+00  1.968000E+04  0.000000E+00  5.938638E+07  7.523519E+02
  7.000000E-04  3.986680E+00  4.999994E+00 -9.139122E+01  0.000000E+00  0.000000E+00  9.320726E+00  7.089956E-01  5.933555E+00  0.000000E+00  8.181418E-03  4.913234E-05  1.218631E-08  2.584873E-05  2.532712E-08  1.345293E-08  0.000000E+00  5.410294E+00 -2.092905E-01  1.293486E+04  0.000000E+00  0.000000E+00  3.754567E-02  2.971210E+00  0.000000E+00  1.972800E+04  0.000000E+00  5.933555E+07  8.427918E+02
  8.000000E-04  3.987323E+00  4.999995E+00 -9.139122E+01  0.000000E+00  0.000000E+00  9.320726E+00  7.110135E-01  5.928609E+00  0.000000E+00  8.181418E-03  4.913665E-05  1.247348E-08  2.586509E-05  2.629958E-08  1.381480E-08  0.000000E+00  5.436059E+00 -2.292705E-01  1.299158E+04  0.000000E+00  0.000000E+00  3.662339E-02  3.005086E+00  0.000000E+00  1.975200E+04  0.000000E+00  5.928609E+07  9.342852E+02
  9.000000E-04  3.988001E+00  4.999997E+00 -9.139122E+01  0.000000E+00  0.000000E+00  9.320726E+00  7.112359E-01  5.923916E+00  0.000000E+00  8.181418E-03  4.914050E-05  1.287418E-08  2.588255E-05  2.727121E-08  1.413852E-08  0.000000E+00  5.465386E+00 -2.449545E-01  1.304850E+04  0.000000E+00  0.000000E+00  3.599160E-02  3.042864E+00  0.000000E+00  1.978800E+04  0.000000E+00  5.923916E+07  1.024707E+03
  1.000000E-03  3.988700E+00  4.999998E+00 -9.139122E+01  0.000000E+00  0.000000E+00  9.320726E+00  7.120734E-01  5.919060E+00  0.000000E+00  8.181418E-03  4.914389E-05  1.337720E-08  2.590078E-05  2.820423E-08  1.438480E-08  0.000000E+00  5.496944E+00 -2.207452E-01  1.309315E+04  0.000000E+00  0.000000E+00  3.560408E-02  3.086065E+00  0.000000E+00  1.983200E+04  0.000000E+00  5.919060E+07  1.118008E+03
  1.100000E-03  3.989413E+00  4.999999E+00 -9.139122E+01  0.000000E+00  0.000000E+00  9.320726E+00  7.139301E-01  5.914489E+00  0.000000E+00  8.181418E-03  4.914681E-05  1.393624E-08  2.591957E-05  2.897429E-08  1.466149E-08  0.000000E+00  5.527825E+00 -1.955201E-01  1.313737E+04  0.000000E+00  0.000000E+00  3.530162E-02  3.131181E+00  0.000000E+00  1.990000E+04  0.000000E+00  5.914489E+07  1.209225E+03
  1.200000E-03  3.989661E+00  4.999409E+00 -9.139122E+01  5.870416E-09  1.196538E-08  9.320726E+00  7.145486E-01  5.909094E+00  0.000000E+00  8.181418E-03  4.914927E-05  1.439742E-08  2.593248E-05  2.965462E-08  1.484106E-08  0.000000E+00  5.903236E+00 -1.002330E+00  1.317169E+04  0.000000E+00  0.000000E+00  3.492706E-02  3.172957E+00  0.000000E+00  1.993200E+04  0.000000E+00  5.909094E+07  1.318098E+03
  1.300000E-03  3.990012E+00  4.998946E+00 -9.139122E+01 -1.639922E-09  1.045814E-08  9.320726E+00  7.167068E-01  5.903728E+00  0.000000E+00  8.181418E-03  4.915126E-05  1.455864E-08  2.594665E-05  3.005835E-08  1.487766E-08  0.000000E+00  5.919590E+00 -1.849330E+00  1.319270E+04  0.000000E+00  0.000000E+00  3.457814E-02  3.207910E+00  0.000000E+00  2.000400E+04  0.000000E+00  5.903728E+07  1.423135E+03
  1.400000E-03  3.990355E+00  4.998464E+00 -9.139122E+01 -1.263404E-08  7.237058E-09  9.320726E+00  7.167901E-01  5.898334E+00  0.000000E+00  8.181418E-03  4.915277E-05  1.469457E-08  2.596051E-05  3.019021E-08  1.479203E-08  0.000000E+00  5.944364E+00 -2.664293E+00  1.320762E+04  0.000000E+00  0.000000E+00  3.379387E-02  3.240769E+00  0.000000E+00  2.003600E+04  0.000000E+00  5.898334E+07  1.526033E+03
  1.500000E-03  3.990764E+00  4.998049E+00 -9.139122E+01 -2.468030E-08  1.087918E-09  9.320726E+00  7.183890E-01  5.893094E+00  0.000000E+00  8.181418E-03  4.915381E-05  1.511220E-08  2.597507E-05  3.054805E-08  1.474141E-08  0.000000E+00  5.667609E+00 -2.999803E+00  1.320445E+04  0.000000E+00  0.000000E+00  3.345508E-02  3.269584E+00  0.000000E+00  2.006000E+04  0.000000E+00  5.893094E+07  1.620163E+03
  1.600000E-03  3.991488E+00  4.998006E+00 -9.139122E+01 -4.027124E-08 -7.501553E-09  9.320726E+00  7.192760E-01  5.888285E+00  0.000000E+00  8.181418E-03  4.915437E-05  1.570020E-08  2.599310E-05  3.117228E-08  1.469884E-08  0.000000E+00  5.639363E+00 -3.408061E+00  1.319009E+04  0.000000E+00  0.000000E+00  3.338830E-02  3.294657E+00  0.000000E+00  2.005200E+04  0.000000E+00  5.888285E+07  1.712229E+03
  1.700000E-03  3.992240E+00  4.997940E+00 -9.139122E+01 -6.633128E-08 -1.774438E-08  9.320726E+00  7.211251E-01  5.883425E+00  0.000000E+00  8.181418E-03  4.915445E-05  1.614975E-08  2.601070E-05  3.168084E-08  1.480561E-08  0.000000E+00  5.702676E+00 -3.760360E+00  1.317160E+04  0.000000E+00  0.000000E+00  3.336193E-02  3.319970E+00  0.000000E+00  1.992800E+04  0.000000E+00  5.883425E+07  1.803188E+03
  1.800000E-03  3.993092E+00  4.997899E+00 -9.139122E+01 -1.120273E-07 -2.909982E-08  9.320726E+00  7.219540E-01  5.878482E+00  0.000000E+00  8.181418E-03  4.915404E-05  1.613662E-08  2.602814E-05  3.171284E-08  1.472535E-08  0.000000E+00  5.758470E+00 -3.996493E+00  1.316023E+04  0.000000E+00  0.000000E+00  3.298513E-02  3.345824E+00  0.000000E+00  1.999700E+04  0.000000E+00  5.878482E+07  1.894890E+03
  1.900000E-03  3.994107E+00  4.997917E+00 -9.139122E+01 -1.843706E-07 -4.143231E-08  9.320726E+00  7.234497E-01  5.873570E+00  0.000000E+00  8.181418E-03  4.915315E-05  1.616716E-08  2.604603E-05  3.169722E-08  1.457199E-08  0.000000E+00  5.747788E+00 -4.092562E+00  1.314871E+04  0.000000E+00  0.000000E+00  3.245145E-02  3.368996E+00  0.000000E+00  1.990000E+04  0.000000E+00  5.873570E+07  1.986551E+03
  2.000000E-03  3.995393E+00  4.998087E+00 -9.139122E+01 -2.866102E-07 -5.326506E-08  9.320726E+00  7.225034E-01  5.869096E+00  0.000000E+00  8.181418E-03  4.915177E-05  1.655957E-08  2.606559E-05  3.186144E-08  1.466808E-08  0.000000E+00  6.096133E+00 -4.503724E+00  1.314285E+04  0.000000E+00  0.000000E+00  3.250893E-02  3.389511E+00  0.000000E+00  1.993600E+04  0.000000E+00  5.869096E+07  2.081491E+03
  2.100000E-03  3.996994E+00  4.998398E+00 -9.139122E+01 -3.809759E-07 -6.591999E-08  9.320726E+00  7.224876E-01  5.864807E+00  0.000000E+00  8.181418E-03  4.914994E-05  1.703371E-08  2.608642E-05  3.210772E-08  1.466317E-08  0.000000E+00  5.414254E+00 -3.860535E+00  1.313205E+04  0.000000E+00  0.000000E+00  3.287050E-02  3.407771E+00  0.000000E+00  1.989600E+04  0.000000E+00  5.864807E+07  2.178288E+03
  2.200000E-03  3.998895E+00  4.998748E+00 -9.139122E+01 -4.363812E-07 -8.297292E-08  9.320726E+00  7.239515E-01  5.860311E+00  0.000000E+00  8.181418E-03  4.914763E-05  1.731841E-08  2.610758E-05  3.233370E-08  1.467304E-08  0.000000E+00  5.446675E+00 -3.922218E+00  1.311880E+04  0.000000E+00  0.000000E+00  3.259933E-02  3.430247E+00  0.000000E+00  1.983200E+04  0.000000E+00  5.860311E+07  2.276763E+03
  2.300000E-03  4.001164E+00  4.999194E+00 -9.139122E+01 -4.679772E-07 -1.037111E-07  9.320726E+00  7.234844E-01  5.855870E+00  0.000000E+00  8.181418E-03  4.914482E-05  1.742829E-08  2.612951E-05  3.234552E-08  1.470538E-08  0.000000E+00  5.485132E+00 -4.089165E+00  1.311199E+04  0.000000E+00  0.000000E+00  3.244043E-02  3.452113E+00  0.000000E+00  1.982500E+04  0.000000E+00  5.855870E+07  2.381900E+03
  2.400000E-03  4.003440E+00  4.999773E+00 -9.139122E+01 -3.941105E-07 -1.321784E-07  9.320726E+00  7.226543E-01  5.851577E+00  0.000000E+00  8.181418E-03  4.914151E-05  1.753132E-08  2.615248E-05  3.245250E-08  1.464284E-08  0.000000E+00  5.504541E+00 -4.512081E+00  1.310679E+04  0.000000E+00  0.000000E+00  3.216862E-02  3.472372E+00  0.000000E+00  1.985600E+04  0.000000E+00  5.851577E+07  2.491587E+03
  2.500000E-03  4.005504E+00  5.000615E+00 -9.139122E+01 -2.886938E-07 -1.641848E-07  9.320726E+00  7.250789E-01  5.847621E+00  0.000000E+00  8.181418E-03  4.913771E-05  1.796642E-08  2.617812E-05  3.269969E-08  1.468442E-08  0.000000E+00  6.022598E+00 -5.328799E+00  1.309902E+04  0.000000E+00  0.000000E+00  3.214335E-02  3.492911E+00  0.000000E+00  1.986900E+04  0.000000E+00  5.847621E+07  2.604320E+03
  2.600000E-03  4.007280E+00  5.001211E+00 -9.139122E+01 -2.095577E-07 -1.992138E-07  9.320726E+00  7.249686E-01  5.843486E+00  0.000000E+00  8.181418E-03  4.913341E-05  1.833274E-08  2.620107E-05  3.281955E-08  1.472042E-08  0.000000E+00  5.555292E+00 -5.137028E+00  1.309730E+04  0.000000E+00  0.000000E+00  3.206773E-02  3.513764E+00  0.000000E+00  1.981900E+04  0.000000E+00  5.843486E+07  2.712435E+03
  2.700000E-03  4.009259E+00  5.002091E+00 -9.139122E+01 -1.342293E-07 -2.309547E-07  9.320726E+00  7.244337E-01  5.839816E+00  0.000000E+00  8.181418E-03  4.912863E-05  1.872443E-08  2.622681E-05  3.307432E-08  1.475983E-08  0.000000E+00  5.576397E+00 -5.432979E+00  1.308446E+04  0.000000E+00  0.000000E+00  3.238605E-02  3.532735E+00  0.000000E+00  1.981200E+04  0.000000E+00  5.839816E+07  2.829881E+03
  2.800000E-03  4.011440E+00  5.003238E+00 -9.139122E+01 -6.013719E-08 -2.544112E-07  9.320726E+00  7.224146E-01  5.836219E+00  0.000000E+00  8.181418E-03  4.912337E-05  1.847936E-08  2.625488E-05  3.278321E-08  1.464090E-08  0.000000E+00  5.788954E+00 -5.902561E+00  1.306713E+04  0.000000E+00  0.000000E+00  3.216230E-02  3.554225E+00  0.000000E+00  1.978700E+04  0.000000E+00  5.836219E+07  2.948808E+03
  2.900000E-03  4.013423E+00  5.004162E+00 -9.139122E+01 -2.564171E-08 -2.703711E-07  9.320726E+00  7.231241E-01  5.832351E+00  0.000000E+00  8.181418E-03  4.911762E-05  1.850177E-08  2.628047E-05  3.260694E-08  1.454862E-08  0.000000E+00  5.614507E+00 -5.961054E+00  1.304843E+04  0.000000E+00  0.000000E+00  3.172793E-02  3.572599E+00  0.000000E+00  1.967600E+04  0.000000E+00  5.832351E+07  3.065637E+03
  3.000000E-03  4.015699E+00  5.005483E+00 -9.139122E+01 -3.784056E-08 -2.129789E-07  9.320726E+00  7.246352E-01  5.829171E+00  0.000000E+00  8.181418E-03  4.911137E-05  1.914501E-08  2.631034E-05  3.297867E-08  1.474039E-08  0.000000E+00  6.132230E+00 -6.674630E+00  1.303791E+04  0.000000E+00  0.000000E+00  3.222009E-02  3.584928E+00  0.000000E+00  1.967500E+04  0.000000E+00  5.829171E+07  3.192045E+03
  3.100000E-03  4.017927E+00  5.006753E+00 -9.139122E+01 -9.504938E-08 -1.621105E-07  9.320726E+00  7.228800E-01  5.825962E+00  0.000000E+00  8.181418E-03  4.910466E-05  1.918202E-08  2.633927E-05  3.288258E-08  1.464401E-08  0.000000E+00  6.163440E+00 -6.882956E+00  1.301628E+04  0.000000E+00  0.000000E+00  3.217820E-02  3.602061E+00  0.000000E+00  1.974200E+04  0.000000E+00  5.825962E+07  3.315037E+03
  3.200000E-03  4.020228E+00  5.008124E+00 -9.139122E+01 -1.361080E-07 -9.446434E-08  9.320726E+00  7.236504E-01  5.822812E+00  0.000000E+00  8.181418E-03  4.909746E-05  1.901210E-08  2.636907E-05  3.244965E-08  1.447018E-08  0.000000E+00  6.181889E+00 -7.073192E+00  1.300363E+04  0.000000E+00  0.000000E+00  3.185490E-02  3.620477E+00  0.000000E+00  1.979600E+04  0.000000E+00  5.822812E+07  3.441035E+03
  3.300000E-03  4.022579E+00  5.009593E+00 -9.139122E+01 -1.938311E-07 -3.418274E-08  9.320726E+00  7.233251E-01  5.819852E+00  0.000000E+00  8.181418E-03  4.908979E-05  1.922372E-08  2.639971E-05  3.254486E-08  1.451383E-08  0.000000E+00  6.193821E+00 -7.250927E+00  1.299513E+04  0.000000E+00  0.000000E+00  3.186180E-02  3.634584E+00  0.000000E+00  1.972200E+04  0.000000E+00  5.819852E+07  3.568395E+03
  3.400000E-03  4.024985E+00  5.011157E+00 -9.139122E+01 -2.495683E-07 -4.967648E-08  9.320726E+00  7.229231E-01  5.816940E+00  0.000000E+00  8.181418E-03  4.908164E-05  1.969918E-08  2.643137E-05  3.266596E-08  1.465460E-08  0.000000E+00  6.226368E+00 -7.438631E+00  1.298531E+04  0.000000E+00  0.000000E+00  3.234760E-02  3.649941E+00  0.000000E+00  1.973700E+04  0.000000E+00  5.816940E+07  3.697579E+03
  3.500000E-03  4.027450E+00  5.012821E+00 -9.139122E+01 -3.082183E-07 -4.505269E-07  9.320726E+00  7.225482E-01  5.814195E+00  0.000000E+00  8.181418E-03  4.907302E-05  1.969378E-08  2.646357E-05  3.243480E-08  1.465853E-08  0.000000E+00  6.251248E+00 -7.605196E+00  1.297476E+04  0.000000E+00  0.000000E+00  3.234178E-02  3.667436E+00  0.000000E+00  1.967000E+04  0.000000E+00  5.814195E+07  3.829746E+03
  3.600000E-03  4.029972E+00  5.014583E+00 -9.139122E+01 -3.841261E-07 -1.372724E-06  9.320726E+00  7.220289E-01  5.811687E+00  0.000000E+00  8.181418E-03  4.906394E-05  1.954810E-08  2.649635E-05  3.221476E-08  1.452298E-08  0.000000E+00  6.264357E+00 -7.749930E+00  1.297002E+04  0.000000E+00  0.000000E+00  3.197253E-02  3.684853E+00  0.000000E+00  1.975400E+04  0.000000E+00  5.811687E+07  3.963043E+03
  3.700000E-03  4.032535E+00  5.016436E+00 -9.139122E+01 -4.753193E-07 -2.830470E-06  9.320726E+00  7.232933E-01  5.809216E+00  0.000000E+00  8.181418E-03  4.905440E-05  1.949074E-08  2.652991E-05  3.207730E-08  1.461641E-08  0.000000E+00  6.295125E+00 -7.904457E+00  1.296812E+04  0.000000E+00  0.000000E+00  3.199634E-02  3.698902E+00  0.000000E+00  1.966600E+04  0.000000E+00  5.809216E+07  4.098210E+03
  3.800000E-03  4.035156E+00  5.018389E+00 -9.139122E+01 -5.740547E-07 -4.570658E-06  9.320726E+00  7.233024E-01  5.807032E+00  0.000000E+00  8.181418E-03  4.904440E-05  1.950862E-08  2.656427E-05  3.193178E-08  1.461782E-08  0.000000E+00  6.309443E+00 -8.034452E+00  1.296632E+04  0.000000E+00  0.000000E+00  3.210543E-02  3.715101E+00  0.000000E+00  1.975600E+04  0.000000E+00  5.807032E+07  4.233802E+03
  3.900000E-03  4.037829E+00  5.020434E+00 -9.139122E+01 -6.961230E-07 -6.040497E-06  9.320726E+00  7.217249E-01  5.804937E+00  0.000000E+00  8.181418E-03  4.903395E-05  1.956984E-08  2.659934E-05  3.175763E-08  1.458136E-08  0.000000E+00  6.332288E+00 -8.162443E+00  1.296567E+04  0.000000E+00  0.000000E+00  3.197380E-02  3.730230E+00  0.000000E+00  1.969300E+04  0.000000E+00  5.804937E+07  4.371289E+03
  4.000000E-03  4.040552E+00  5.022573E+00 -9.139122E+01 -8.531078E-07 -7.299908E-06  9.320726E+00  7.198361E-01  5.802910E+00  0.000000E+00  8.181418E-03  4.902305E-05  1.982457E-08  2.663527E-05  3.176310E-08  1.459500E-08  0.000000E+00  6.351112E+00 -8.265856E+00  1.296502E+04  0.000000E+00  0.000000E+00  3.227602E-02  3.745704E+00  0.000000E+00  1.971200E+04  0.000000E+00  5.802910E+07  4.511886E+03
  4.100000E-03  4.043336E+00  5.024807E+00 -9.139122E+01 -1.023180E-06 -8.623288E-06  9.320726E+00  7.205544E-01  5.800931E+00  0.000000E+00  8.181418E-03  4.901167E-05  1.969426E-08  2.667194E-05  3.146088E-08  1.456159E-08  0.000000E+00  6.376042E+00 -8.356447E+00  1.296778E+04  0.000000E+00  0.000000E+00  3.229815E-02  3.763800E+00  0.000000E+00  1.969600E+04  0.000000E+00  5.800931E+07  4.650623E+03
  4.200000E-03  4.046176E+00  5.027138E+00 -9.139122E+01 -1.193562E-06 -1.000114E-05  9.320726E+00  7.183064E-01  5.798894E+00  0.000000E+00  8.181418E-03  4.899983E-05  1.969956E-08  2.670939E-05  3.119227E-08  1.448056E-08  0.000000E+00  6.393872E+00 -8.435878E+00  1.297715E+04  0.000000E+00  0.000000E+00  3.248969E-02  3.780031E+00  0.000000E+00  1.965500E+04  0.000000E+00  5.798894E+07  4.789724E+03
  4.300000E-03  4.049067E+00  5.029568E+00 -9.139122E+01 -1.440815E-06 -1.143472E-05  9.320726E+00  7.179943E-01  5.797006E+00  0.000000E+00  8.181418E-03  4.898750E-05  1.978198E-08  2.674763E-05  3.109983E-08  1.445936E-08  0.000000E+00  6.415901E+00 -8.526672E+00  1.298380E+04  0.000000E+00  0.000000E+00  3.242625E-02  3.797917E+00  0.000000E+00  1.968900E+04  0.000000E+00  5.797006E+07  4.930366E+03
  4.400000E-03  4.052020E+00  5.032099E+00 -9.139122E+01 -1.711682E-06 -1.289286E-05  9.320726E+00  7.155601E-01  5.795212E+00  0.000000E+00  8.181418E-03  4.897469E-05  1.949808E-08  2.678656E-05  3.058148E-08  1.440868E-08  0.000000E+00  6.436234E+00 -8.631608E+00  1.299751E+04  0.000000E+00  0.000000E+00  3.211430E-02  3.817962E+00  0.000000E+00  1.959200E+04  0.000000E+00  5.795212E+07  5.072295E+03
  4.500000E-03  4.055022E+00  5.034731E+00 -9.139122E+01 -1.826297E-06 -1.454227E-05  9.320726E+00  7.163182E-01  5.793543E+00  0.000000E+00  8.181418E-03  4.896140E-05  1.959000E-08  2.682627E-05  3.020972E-08  1.448847E-08  0.000000E+00  6.455385E+00 -8.754092E+00  1.301783E+04  0.000000E+00  0.000000E+00  3.239397E-02  3.835261E+00  0.000000E+00  1.956100E+04  0.000000E+00  5.793543E+07  5.214095E+03
  4.600000E-03  4.058069E+00  5.037462E+00 -9.139122E+01 -1.968349E-06 -1.601725E-05  9.320726E+00  7.167620E-01  5.792172E+00  0.000000E+00  8.181418E-03  4.894765E-05  1.973764E-08  2.686671E-05  3.000087E-08  1.455867E-08  0.000000E+00  6.476571E+00 -8.877737E+00  1.303145E+04  0.000000E+00  0.000000E+00  3.254224E-02  3.856246E+00  0.000000E+00  1.954100E+04  0.000000E+00  5.792172E+07  5.357863E+03
  4.700000E-03  4.061165E+00  5.040292E+00 -9.139122E+01 -2.163527E-06 -1.729653E-05  9.320726E+00  7.166572E-01  5.791016E+00  0.000000E+00  8.181418E-03  4.893343E-05  1.979671E-08  2.690770E-05  2.995456E-08  1.464670E-08  0.000000E+00  6.494088E+00 -8.987427E+00  1.305161E+04  0.000000E+00  0.000000E+00  3.261513E-02  3.876617E+00  0.000000E+00  1.959700E+04  0.000000E+00  5.791016E+07  5.501422E+03
  4.800000E-03  4.064318E+00  5.043222E+00 -9.139122E+01 -2.300251E-06 -1.845357E-05  9.320726E+00  7.175854E-01  5.790005E+00  0.000000E+00  8.181418E-03  4.891876E-05  2.001559E-08  2.694949E-05  2.997802E-08  1.471633E-08  0.000000E+00  6.505419E+00 -9.080603E+00  1.306745E+04  0.000000E+00  0.000000E+00  3.263417E-02  3.899196E+00  0.000000E+00  1.958500E+04  0.000000E+00  5.790005E+07  5.646410E+03
  4.900000E-03  4.067530E+00  5.046246E+00 -9.139122E+01 -2.446390E-06 -1.946247E-05  9.320726E+00  7.174873E-01  5.789271E+00  0.000000E+00  8.181418E-03  4.890365E-05  2.005838E-08  2.699206E-05  2.975959E-08  1.475267E-08  0.000000E+00  6.525270E+00 -9.175269E+00  1.308589E+04  0.000000E+00  0.000000E+00  3.262394E-02  3.923183E+00  0.000000E+00  1.959800E+04  0.000000E+00  5.789271E+07  5.792860E+03
  5.000000E-03  4.070794E+00  5.049362E+00 -9.139122E+01 -2.586280E-06 -2.022888E-05  9.320726E+00  7.167375E-01  5.788725E+00  0.000000E+00  8.181418E-03  4.888809E-05  2.032437E-08  2.703550E-05  2.965504E-08  1.490080E-08  0.000000E+00  6.553750E+00 -9.260445E+00  1.311997E+04  0.000000E+00  0.000000E+00  3.287768E-02  3.948112E+00  0.000000E+00  1.961400E+04  0.000000E+00  5.788725E+07  5.941433E+03
  5.100000E-03  4.074122E+00  5.052575E+00 -9.139122E+01 -2.758279E-06 -2.078043E-05  9.320726E+00  7.160347E-01  5.788231E+00  0.000000E+00  8.181418E-03  4.887210E-05  2.049532E-08  2.707973E-05  2.950153E-08  1.493026E-08  0.000000E+00  6.566100E+00 -9.312674E+00  1.314904E+04  0.000000E+00  0.000000E+00  3.306590E-02  3.975341E+00  0.000000E+00  1.969200E+04  0.000000E+00  5.788231E+07  6.088913E+03
  5.200000E-03  4.077512E+00  5.055878E+00 -9.139122E+01 -2.839551E-06 -2.135440E-05  9.320726E+00  7.146240E-01  5.787685E+00  0.000000E+00  8.181418E-03  4.885567E-05  2.041288E-08  2.712457E-05  2.904886E-08  1.480749E-08  0.000000E+00  6.595124E+00 -9.379920E+00  1.318064E+04  0.000000E+00  0.000000E+00  3.286764E-02  4.004329E+00  0.000000E+00  1.971200E+04  0.000000E+00  5.787685E+07  6.236501E+03
  5.300000E-03  4.080962E+00  5.059279E+00 -9.139122E+01 -2.855864E-06 -2.204659E-05  9.320726E+00  7.128488E-01  5.787267E+00  0.000000E+00  8.181418E-03  4.883880E-05  2.026826E-08  2.717024E-05  2.861131E-08  1.476213E-08  0.000000E+00  6.607882E+00 -9.445038E+00  1.320668E+04  0.000000E+00  0.000000E+00  3.280551E-02  4.032255E+00  0.000000E+00  1.977100E+04  0.000000E+00  5.787267E+07  6.384916E+03
  5.400000E-03  4.084460E+00  5.062774E+00 -9.139122E+01 -2.775284E-06 -2.296239E-05  9.320726E+00  7.131409E-01  5.787136E+00  0.000000E+00  8.181418E-03  4.882149E-05  2.033041E-08  2.721662E-05  2.844304E-08  1.481172E-08  0.000000E+00  6.624390E+00 -9.539602E+00  1.322118E+04  0.000000E+00  0.000000E+00  3.294065E-02  4.059764E+00  0.000000E+00  1.980600E+04  0.000000E+00  5.787136E+07  6.533180E+03
  5.500000E-03  4.088013E+00  5.066362E+00 -9.139122E+01 -2.712350E-06 -2.374466E-05  9.320726E+00  7.131971E-01  5.787154E+00  0.000000E+00  8.181418E-03  4.880375E-05  2.041426E-08  2.726371E-05  2.810401E-08  1.487340E-08  0.000000E+00  6.642886E+00 -9.653891E+00  1.323449E+04  0.000000E+00  0.000000E+00  3.305931E-02  4.089901E+00  0.000000E+00  1.981000E+04  0.000000E+00  5.787154E+07  6.682876E+03
  5.600000E-03  4.091623E+00  5.070044E+00 -9.139122E+01 -2.797256E-06 -2.422652E-05  9.320726E+00  7.116731E-01  5.787312E+00  0.000000E+00  8.181418E-03  4.878558E-05  2.038153E-08  2.731149E-05  2.773678E-08  1.492293E-08  0.000000E+00  6.661472E+00 -9.763053E+00  1.325136E+04  0.000000E+00  0.000000E+00  3.314756E-02  4.121233E+00  0.000000E+00  1.987000E+04  0.000000E+00  5.787312E+07  6.833229E+03
  5.700000E-03  4.095284E+00  5.073819E+00 -9.139122E+01 -3.265458E-06 -2.468410E-05  9.320726E+00  7.118263E-01  5.787425E+00  0.000000E+00  8.181418E-03  4.876699E-05  2.026928E-08  2.735986E-05  2.712639E-08  1.484300E-08  0.000000E+00  6.677771E+00 -9.850402E+00  1.325607E+04  0.000000E+00  0.000000E+00  3.307964E-02  4.155308E+00  0.000000E+00  1.993800E+04  0.000000E+00  5.787425E+07  6.984340E+03
  5.800000E-03  4.098996E+00  5.077686E+00 -9.139122E+01 -3.346446E-06 -2.535550E-05  9.320726E+00  7.119296E-01  5.787837E+00  0.000000E+00  8.181418E-03  4.874797E-05  2.010675E-08  2.740894E-05  2.644506E-08  1.485685E-08  0.000000E+00  6.695298E+00 -9.923225E+00  1.326227E+04  0.000000E+00  0.000000E+00  3.284354E-02  4.191785E+00  0.000000E+00  1.995400E+04  0.000000E+00  5.787837E+07  7.134934E+03
  5.900000E-03  4.102756E+00  5.081644E+00 -9.139122E+01 -3.018649E-06 -2.599940E-05  9.320726E+00  7.120957E-01  5.788471E+00  0.000000E+00  8.181418E-03  4.872854E-05  2.016372E-08  2.745877E-05  2.612786E-08  1.500261E-08  0.000000E+00  6.719590E+00 -9.980354E+00  1.328728E+04  0.000000E+00  0.000000E+00  3.280997E-02  4.228796E+00  0.000000E+00  1.989100E+04  0.000000E+00  5.788471E+07  7.286969E+03
  6.000000E-03  4.106566E+00  5.085698E+00 -9.139122E+01 -2.134229E-06 -2.668276E-05  9.320726E+00  7.106133E-01  5.789271E+00  0.000000E+00  8.181418E-03  4.870871E-05  2.010915E-08  2.750930E-05  2.562162E-08  1.500260E-08  0.000000E+00  6.724663E+00 -9.985735E+00  1.330389E+04  0.000000E+00  0.000000E+00  3.275631E-02  4.268957E+00  0.000000E+00  1.996900E+04  0.000000E+00  5.789271E+07  7.493225E+03
  6.100000E-03  4.110414E+00  5.089835E+00 -9.139122E+01 -2.021332E-06 -2.711833E-05  9.320726E+00  7.079259E-01  5.789915E+00  0.000000E+00  8.181418E-03  4.868847E-05  2.005179E-08  2.756031E-05  2.508242E-08  1.497736E-08  0.000000E+00  6.742883E+00 -9.994283E+00  1.331345E+04  0.000000E+00  0.000000E+00  3.254741E-02  4.312170E+00  0.000000E+00  1.993900E+04  0.000000E+00  5.789915E+07  7.646272E+03
  6.200000E-03  4.114303E+00  5.094065E+00 -9.139122E+01 -2.230342E-06 -2.793440E-05  9.320726E+00  7.087107E-01  5.790720E+00  0.000000E+00  8.181418E-03  4.866779E-05  2.033845E-08  2.761223E-05  2.481578E-08  1.511074E-08  0.000000E+00  6.758167E+00 -1.001717E+01  1.331435E+04  0.000000E+00  0.000000E+00  3.267079E-02  4.357080E+00  0.000000E+00  2.001000E+04  0.000000E+00  5.790720E+07  7.798832E+03
  6.300000E-03  4.118245E+00  5.098393E+00 -9.139122E+01 -2.116417E-06 -2.851714E-05  9.320726E+00  7.082377E-01  5.791517E+00  0.000000E+00  8.181418E-03  4.864669E-05  2.025837E-08  2.766461E-05  2.427501E-08  1.508595E-08  0.000000E+00  6.771272E+00 -1.004986E+01  1.332020E+04  0.000000E+00  0.000000E+00  3.240452E-02  4.407236E+00  0.000000E+00  2.000800E+04  0.000000E+00  5.791517E+07  7.953874E+03
  6.400000E-03  4.122225E+00  5.102814E+00 -9.139122E+01 -2.526325E-06 -2.929827E-05  9.320726E+00  7.077751E-01  5.792627E+00  0.000000E+00  8.181418E-03  4.862515E-05  2.039498E-08  2.771766E-05  2.389061E-08  1.508369E-08  0.000000E+00  6.785494E+00 -1.008571E+01  1.332794E+04  0.000000E+00  0.000000E+00  3.230323E-02  4.458457E+00  0.000000E+00  1.997000E+04  0.000000E+00  5.792627E+07  8.107509E+03
  6.500000E-03  4.126241E+00  5.107331E+00 -9.139122E+01 -3.296860E-06 -3.022948E-05  9.320726E+00  7.058895E-01  5.793742E+00  0.000000E+00  8.181418E-03  4.860319E-05  2.062849E-08  2.777141E-05  2.369046E-08  1.525457E-08  0.000000E+00  6.798434E+00 -1.012209E+01  1.333828E+04  0.000000E+00  0.000000E+00  3.254509E-02  4.511948E+00  0.000000E+00  1.999700E+04  0.000000E+00  5.793742E+07  8.262572E+03
  6.600000E-03  4.130290E+00  5.111945E+00 -9.139122E+01 -4.489637E-06 -3.066436E-05  9.320726E+00  7.063673E-01  5.795022E+00  0.000000E+00  8.181418E-03  4.858080E-05  2.094550E-08  2.782597E-05  2.344523E-08  1.549233E-08  0.000000E+00  6.810390E+00 -1.015784E+01  1.333987E+04  0.000000E+00  0.000000E+00  3.299599E-02  4.571306E+00  0.000000E+00  1.996000E+04  0.000000E+00  5.795022E+07  8.418458E+03
  6.700000E-03  4.134376E+00  5.116655E+00 -9.139122E+01 -5.517160E-06 -3.056710E-05  9.320726E+00  7.050742E-01  5.796388E+00  0.000000E+00  8.181418E-03  4.855799E-05  2.131561E-08  2.788052E-05  2.315800E-08  1.540842E-08  0.000000E+00  6.824791E+00 -1.020476E+01  1.333519E+04  0.000000E+00  0.000000E+00  3.287844E-02  4.635773E+00  0.000000E+00  1.999500E+04  0.000000E+00  5.796388E+07  8.574648E+03
  6.800000E-03  4.138489E+00  5.121460E+00 -9.139122E+01 -7.201930E-06 -3.067038E-05  9.320726E+00  7.048493E-01  5.797837E+00  0.000000E+00  8.181418E-03  4.853476E-05  2.148112E-08  2.793531E-05  2.286127E-08  1.533766E-08  0.000000E+00  6.836460E+00 -1.027560E+01  1.332251E+04  0.000000E+00  0.000000E+00  3.255492E-02  4.701035E+00  0.000000E+00  2.005700E+04  0.000000E+00  5.797837E+07  8.732642E+03
  6.900000E-03  4.142622E+00  5.126360E+00 -9.139122E+01 -8.836700E-06 -3.084338E-05  9.320726E+00  7.073393E-01  5.799593E+00  0.000000E+00  8.181418E-03  4.851112E-05  2.169149E-08  2.799049E-05  2.253487E-08  1.537201E-08  0.000000E+00  6.846327E+00 -1.037981E+01  1.331084E+04  0.000000E+00  0.000000E+00  3.255991E-02  4.766814E+00  0.000000E+00  2.002700E+04  0.000000E+00  5.799593E+07  8.888788E+03
  7.000000E-03  4.146768E+00  5.131352E+00 -9.139122E+01 -1.013522E-05 -3.082634E-05  9.320726E+00  7.038983E-01  5.801655E+00  0.000000E+00  8.181418E-03  4.848711E-05  2.210679E-08  2.804606E-05  2.232644E-08  1.549213E-08  0.000000E+00  6.855701E+00 -1.051232E+01  1.330374E+04  0.000000E+00  0.000000E+00  3.283790E-02  4.832361E+00  0.000000E+00  2.005600E+04  0.000000E+00  5.801655E+07  9.048724E+03
  7.100000E-03  4.150932E+00  5.136434E+00 -9.139122E+01 -1.175237E-05 -3.061290E-05  9.320726E+00  7.036269E-01  5.803521E+00  0.000000E+00  8.181418E-03  4.846268E-05  2.253253E-08  2.810170E-05  2.196598E-08  1.550160E-08  0.000000E+00  6.865218E+00 -1.065226E+01  1.328403E+04  0.000000E+00  0.000000E+00  3.308784E-02  4.895269E+00  0.000000E+00  1.999700E+04  0.000000E+00  5.803521E+07  9.207852E+03
  7.200000E-03  4.155118E+00  5.141609E+00 -9.139122E+01 -1.343861E-05 -3.017532E-05  9.320726E+00  7.039959E-01  5.805762E+00  0.000000E+00  8.181418E-03  4.843786E-05  2.274867E-08  2.815729E-05  2.160498E-08  1.537524E-08  0.000000E+00  6.876446E+00 -1.079853E+01  1.326529E+04  0.000000E+00  0.000000E+00  3.275489E-02  4.951516E+00  0.000000E+00  2.011300E+04  0.000000E+00  5.805762E+07  9.365474E+03
  7.300000E-03  4.159318E+00  5.146875E+00 -9.139122E+01 -1.510435E-05 -2.981129E-05  9.320726E+00  7.054176E-01  5.808240E+00  0.000000E+00  8.181418E-03  4.841267E-05  2.317059E-08  2.821332E-05  2.135201E-08  1.541734E-08  0.000000E+00  6.882478E+00 -1.096167E+01  1.324792E+04  0.000000E+00  0.000000E+00  3.281862E-02  5.000534E+00  0.000000E+00  2.005500E+04  0.000000E+00  5.808240E+07  9.524643E+03
  7.400000E-03  4.163531E+00  5.152229E+00 -9.139122E+01 -1.705694E-05 -2.926552E-05  9.320726E+00  7.017177E-01  5.810619E+00  0.000000E+00  8.181418E-03  4.838710E-05  2.362605E-08  2.826946E-05  2.101720E-08  1.532184E-08  0.000000E+00  6.892038E+00 -1.116980E+01  1.322378E+04  0.000000E+00  0.000000E+00  3.274500E-02  5.042679E+00  0.000000E+00  2.002700E+04  0.000000E+00  5.810619E+07  9.683643E+03
  7.500000E-03  4.167754E+00  5.157671E+00 -9.139122E+01 -1.899143E-05 -2.929998E-05  9.320726E+00  7.005152E-01  5.812911E+00  0.000000E+00  8.181418E-03  4.836111E-05  2.414943E-08  2.832582E-05  2.086126E-08  1.538159E-08  0.000000E+00  6.898761E+00 -1.142828E+01  1.321425E+04  0.000000E+00  0.000000E+00  3.273425E-02  5.074199E+00  0.000000E+00  2.006300E+04  0.000000E+00  5.812911E+07  9.843170E+03
  7.600000E-03  4.171993E+00  5.163211E+00 -9.139122E+01 -2.131369E-05 -3.048057E-05  9.320726E+00  7.032810E-01  5.815539E+00  0.000000E+00  8.181418E-03  4.833471E-05  2.454605E-08  2.838223E-05  2.059044E-08  1.538545E-08  0.000000E+00  6.907627E+00 -1.175498E+01  1.321154E+04  0.000000E+00  0.000000E+00  3.256607E-02  5.095379E+00  0.000000E+00  2.009900E+04  0.000000E+00  5.815539E+07  1.000275E+04
  7.700000E-03  4.176240E+00  5.168847E+00 -9.139122E+01 -2.437583E-05 -3.263661E-05  9.320726E+00  7.012366E-01  5.818566E+00  0.000000E+00  8.181418E-03  4.830795E-05  2.533528E-08  2.843906E-05  2.073435E-08  1.561161E-08  0.000000E+00  6.907500E+00 -1.214957E+01  1.321401E+04  0.000000E+00  0.000000E+00  3.297565E-02  5.101206E+00  0.000000E+00  2.001900E+04  0.000000E+00  5.818566E+07  1.016255E+04
  7.800000E-03  4.180498E+00  5.174572E+00 -9.139122E+01 -2.734722E-05 -3.453290E-05  9.320726E+00  7.012536E-01  5.821522E+00  0.000000E+00  8.181418E-03  4.828079E-05  2.579209E-08  2.849554E-05  2.058794E-08  1.559117E-08  0.000000E+00  6.914727E+00 -1.260831E+01  1.320694E+04  0.000000E+00  0.000000E+00  3.288452E-02  5.100527E+00  0.000000E+00  1.993100E+04  0.000000E+00  5.821522E+07  1.032284E+04
  7.900000E-03  4.184768E+00  5.180387E+00 -9.139122E+01 -2.991864E-05 -3.615782E-05  9.320726E+00  7.006879E-01  5.824541E+00  0.000000E+00  8.181418E-03  4.825327E-05  2.597014E-08  2.855194E-05  2.014502E-08  1.554396E-08  0.000000E+00  6.926449E+00 -1.310871E+01  1.319920E+04  0.000000E+00  0.000000E+00  3.273539E-02  5.089277E+00  0.000000E+00  1.990500E+04  0.000000E+00  5.824541E+07  1.048365E+04
  8.000000E-03  4.189057E+00  5.186295E+00 -9.139122E+01 -3.219779E-05 -3.750736E-05  9.320726E+00  7.015634E-01  5.827663E+00  0.000000E+00  8.181418E-03  4.822538E-05  2.608795E-08  2.860831E-05  1.957890E-08  1.542914E-08  0.000000E+00  6.918659E+00 -1.359338E+01  1.319052E+04  0.000000E+00  0.000000E+00  3.228959E-02  5.066406E+00  0.000000E+00  1.991100E+04  0.000000E+00  5.827663E+07  1.064696E+04
  8.100000E-03  4.193362E+00  5.192289E+00 -9.139122E+01 -3.399745E-05 -3.867403E-05  9.320726E+00  6.998972E-01  5.830935E+00  0.000000E+00  8.181418E-03  4.819709E-05  2.637945E-08  2.866516E-05  1.929561E-08  1.538448E-08  0.000000E+00  6.930922E+00 -1.407237E+01  1.319076E+04  0.000000E+00  0.000000E+00  3.191869E-02  5.034174E+00  0.000000E+00  1.995700E+04  0.000000E+00  5.830935E+07  1.080782E+04
  8.200000E-03  4.197702E+00  5.198383E+00 -9.139122E+01 -3.622401E-05 -4.005146E-05  9.320726E+00  7.008369E-01  5.833911E+00  0.000000E+00  8.181418E-03  4.816840E-05  2.674928E-08  2.872278E-05  1.899558E-08  1.538987E-08  0.000000E+00  6.918607E+00 -1.447851E+01  1.319014E+04  0.000000E+00  0.000000E+00  3.175992E-02  4.994688E+00  0.000000E+00  1.999000E+04  0.000000E+00  5.833911E+07  1.097051E+04
  8.300000E-03  4.202071E+00  5.204571E+00 -9.139122E+01 -3.883234E-05 -4.180807E-05  9.320726E+00  6.991579E-01  5.837387E+00  0.000000E+00  8.181418E-03  4.813931E-05  2.718461E-08  2.878104E-05  1.878203E-08  1.548992E-08  0.000000E+00  6.919059E+00 -1.484325E+01  1.319098E+04  0.000000E+00  0.000000E+00  3.168582E-02  4.949410E+00  0.000000E+00  1.998300E+04  0.000000E+00  5.837387E+07  1.113273E+04
  8.400000E-03  4.206478E+00  5.210855E+00 -9.139122E+01 -4.170472E-05 -4.372556E-05  9.320726E+00  6.973478E-01  5.840597E+00  0.000000E+00  8.181418E-03  4.810983E-05  2.747461E-08  2.884020E-05  1.837822E-08  1.546919E-08  0.000000E+00  6.929987E+00 -1.517547E+01  1.318647E+04  0.000000E+00  0.000000E+00  3.141322E-02  4.907329E+00  0.000000E+00  1.984900E+04  0.000000E+00  5.840597E+07  1.129433E+04
  8.500000E-03  4.210924E+00  5.217241E+00 -9.139122E+01 -4.456332E-05 -4.447185E-05  9.320726E+00  6.984762E-01  5.843943E+00  0.000000E+00  8.181418E-03  4.807992E-05  2.802579E-08  2.890020E-05  1.817594E-08  1.557027E-08  0.000000E+00  6.919712E+00 -1.546952E+01  1.318703E+04  0.000000E+00  0.000000E+00  3.147133E-02  4.861362E+00  0.000000E+00  1.993200E+04  0.000000E+00  5.843943E+07  1.145721E+04
  8.600000E-03  4.215406E+00  5.223726E+00 -9.139122E+01 -4.788244E-05 -4.537716E-05  9.320726E+00  6.995632E-01  5.847453E+00  0.000000E+00  8.181418E-03  4.804960E-05  2.887159E-08  2.896119E-05  1.823778E-08  1.575406E-08  0.000000E+00  6.926376E+00 -1.578809E+01  1.319680E+04  0.000000E+00  0.000000E+00  3.182923E-02  4.821339E+00  0.000000E+00  1.996000E+04  0.000000E+00  5.847453E+07  1.162128E+04
  8.700000E-03  4.219939E+00  5.230313E+00 -9.139122E+01 -5.143777E-05 -4.641829E-05  9.320726E+00  6.987252E-01  5.851368E+00  0.000000E+00  8.181418E-03  4.801889E-05  2.965599E-08  2.902311E-05  1.826110E-08  1.581812E-08  0.000000E+00  6.928284E+00 -1.611384E+01  1.321349E+04  0.000000E+00  0.000000E+00  3.199448E-02  4.788457E+00  0.000000E+00  2.003100E+04  0.000000E+00  5.851368E+07  1.178489E+04
  8.800000E-03  4.224522E+00  5.236999E+00 -9.139122E+01 -5.518695E-05 -4.772233E-05  9.320726E+00  6.996331E-01  5.855208E+00  0.000000E+00  8.181418E-03  4.798777E-05  3.035896E-08  2.908578E-05  1.830370E-08  1.579011E-08  0.000000E+00  6.927460E+00 -1.644047E+01  1.322069E+04  0.000000E+00  0.000000E+00  3.216175E-02  4.760988E+00  0.000000E+00  2.006400E+04  0.000000E+00  5.855208E+07  1.194756E+04
  8.900000E-03  4.229158E+00  5.243787E+00 -9.139122E+01 -5.910258E-05 -4.975960E-05  9.320726E+00  6.960141E-01  5.859170E+00  0.000000E+00  8.181418E-03  4.795624E-05  3.115929E-08  2.914945E-05  1.834361E-08  1.582280E-08  0.000000E+00  6.928389E+00 -1.675224E+01  1.323520E+04  0.000000E+00  0.000000E+00  3.243932E-02  4.738999E+00  0.000000E+00  2.008600E+04  0.000000E+00  5.859170E+07  1.211233E+04
  9.000000E-03  4.233858E+00  5.250678E+00 -9.139122E+01 -6.328663E-05 -5.241325E-05  9.320726E+00  6.966370E-01  5.862957E+00  0.000000E+00  8.181418E-03  4.792429E-05  3.131173E-08  2.921359E-05  1.782362E-08  1.570181E-08  0.000000E+00  6.926812E+00 -1.704508E+01  1.324981E+04  0.000000E+00  0.000000E+00  3.219996E-02  4.720872E+00  0.000000E+00  2.005000E+04  0.000000E+00  5.862957E+07  1.228040E+04
  9.100000E-03  4.238619E+00  5.257675E+00 -9.139122E+01 -6.727605E-05 -5.563588E-05  9.320726E+00  6.976752E-01  5.866897E+00  0.000000E+00  8.181418E-03  4.789191E-05  3.180303E-08  2.927889E-05  1.758445E-08  1.567577E-08  0.000000E+00  6.924478E+00 -1.733971E+01  1.325375E+04  0.000000E+00  0.000000E+00  3.213236E-02  4.701435E+00  0.000000E+00  1.999300E+04  0.000000E+00  5.866897E+07  1.244597E+04
  9.200000E-03  4.243453E+00  5.264779E+00 -9.139122E+01 -7.133222E-05 -5.914805E-05  9.320726E+00  6.975532E-01  5.871178E+00  0.000000E+00  8.181418E-03  4.785913E-05  3.226506E-08  2.934512E-05  1.729780E-08  1.557182E-08  0.000000E+00  6.926511E+00 -1.767556E+01  1.326375E+04  0.000000E+00  0.000000E+00  3.199355E-02  4.679622E+00  0.000000E+00  2.010400E+04  0.000000E+00  5.871178E+07  1.261028E+04
  9.300000E-03  4.248360E+00  5.271987E+00 -9.139122E+01 -7.567661E-05 -6.320410E-05  9.320726E+00  6.966541E-01  5.875501E+00  0.000000E+00  8.181418E-03  4.782593E-05  3.241039E-08  2.941250E-05  1.689907E-08  1.566885E-08  0.000000E+00  6.927784E+00 -1.807752E+01  1.326367E+04  0.000000E+00  0.000000E+00  3.199787E-02  4.654013E+00  0.000000E+00  2.001900E+04  0.000000E+00  5.875501E+07  1.277621E+04
  9.400000E-03  4.253355E+00  5.279301E+00 -9.139122E+01 -8.069429E-05 -6.788206E-05  9.320726E+00  6.948854E-01  5.879886E+00  0.000000E+00  8.181418E-03  4.779231E-05  3.306672E-08  2.948106E-05  1.684997E-08  1.572931E-08  0.000000E+00  6.927798E+00 -1.852421E+01  1.326045E+04  0.000000E+00  0.000000E+00  3.202376E-02  4.624793E+00  0.000000E+00  2.000100E+04  0.000000E+00  5.879886E+07  1.294217E+04
  9.500000E-03  4.258450E+00  5.286723E+00 -9.139122E+01 -8.630012E-05 -7.324612E-05  9.320726E+00  6.973197E-01  5.884374E+00  0.000000E+00  8.181418E-03  4.775826E-05  3.375215E-08  2.955086E-05  1.691496E-08  1.576070E-08  0.000000E+00  6.925832E+00 -1.893817E+01  1.324752E+04  0.000000E+00  0.000000E+00  3.208819E-02  4.589204E+00  0.000000E+00  2.009400E+04  0.000000E+00  5.884374E+07  1.310799E+04
  9.600000E-03  4.263657E+00  5.294255E+00 -9.139122E+01 -9.231193E-05 -7.929092E-05  9.320726E+00  6.995567E-01  5.889687E+00  0.000000E+00  8.181418E-03  4.772382E-05  3.451027E-08  2.962268E-05  1.720195E-08  1.607119E-08  0.000000E+00  6.929259E+00 -1.919747E+01  1.323804E+04  0.000000E+00  0.000000E+00  3.258370E-02  4.547445E+00  0.000000E+00  2.004100E+04  0.000000E+00  5.889687E+07  1.327319E+04
  9.700000E-03  4.268998E+00  5.301890E+00 -9.139122E+01 -9.827991E-05 -8.592316E-05  9.320726E+00  6.954310E-01  5.894749E+00  0.000000E+00  8.181418E-03  4.768900E-05  3.527362E-08  2.969682E-05  1.748685E-08  1.614122E-08  0.000000E+00  6.941146E+00 -1.920879E+01  1.323141E+04  0.000000E+00  0.000000E+00  3.294890E-02  4.510068E+00  0.000000E+00  1.995000E+04  0.000000E+00  5.894749E+07  1.344102E+04
  9.800000E-03  4.274478E+00  5.309627E+00 -9.139122E+01 -1.041971E-04 -9.295603E-05  9.320726E+00  6.942331E-01  5.900094E+00  0.000000E+00  8.181418E-03  4.765377E-05  3.608355E-08  2.977368E-05  1.794043E-08  1.629185E-08  0.000000E+00  6.946671E+00 -1.899014E+01  1.322045E+04  0.000000E+00  0.000000E+00  3.340056E-02  4.472469E+00  0.000000E+00  1.994800E+04  0.000000E+00  5.900094E+07  1.360840E+04
  9.900000E-03  4.280112E+00  5.317473E+00 -9.139122E+01 -1.102358E-04 -1.001441E-04  9.320726E+00  6.962658E-01  5.905167E+00  0.000000E+00  8.181418E-03  4.761815E-05  3.622986E-08  2.985286E-05  1.778058E-08  1.607858E-08  0.000000E+00  6.947149E+00 -1.870553E+01  1.320976E+04  0.000000E+00  0.000000E+00  3.300338E-02  4.445637E+00  0.000000E+00  1.992900E+04  0.000000E+00  5.905167E+07  1.377601E+04
  1.000000E-02  4.285881E+00  5.325422E+00 -9.139122E+01 -1.160443E-04 -1.073116E-04  9.320726E+00  6.936643E-01  5.910658E+00  0.000000E+00  8.181418E-03  4.758214E-05  3.616164E-08  2.993426E-05  1.729284E-08  1.585640E-08  0.000000E+00  6.962958E+00 -1.851671E+01  1.319420E+04  0.000000E+00  0.000000E+00  3.249692E-02  4.420769E+00  0.000000E+00  1.984800E+04  0.000000E+00  5.910658E+07  1.394649E+04
  1.010000E-02  4.291771E+00  5.333476E+00 -9.139122E+01 -1.217839E-04 -1.151544E-04  9.320726E+00  6.928739E-01  5.915890E+00  0.000000E+00  8.181418E-03  4.754572E-05  3.638108E-08  3.001778E-05  1.706188E-08  1.578404E-08  0.000000E+00  6.977969E+00 -1.843387E+01  1.317466E+04  0.000000E+00  0.000000E+00  3.227078E-02  4.401436E+00  0.000000E+00  1.992400E+04  0.000000E+00  5.915890E+07  1.411438E+04
  1.020000E-02  4.297782E+00  5.341641E+00 -9.139122E+01 -1.275145E-04 -1.228397E-04  9.320726E+00  6.938455E-01  5.921318E+00  0.000000E+00  8.181418E-03  4.750889E-05  3.690136E-08  3.010315E-05  1.701099E-08  1.579872E-08  0.000000E+00  6.974020E+00 -1.841945E+01  1.317229E+04  0.000000E+00  0.000000E+00  3.231154E-02  4.387227E+00  0.000000E+00  1.995800E+04  0.000000E+00  5.921318E+07  1.428240E+04
  1.030000E-02  4.303922E+00  5.349916E+00 -9.139122E+01 -1.334379E-04 -1.306329E-04  9.320726E+00  6.930407E-01  5.927174E+00  0.000000E+00  8.181418E-03  4.747165E-05  3.721717E-08  3.019008E-05  1.706684E-08  1.570525E-08  0.000000E+00  6.996137E+00 -1.847400E+01  1.316221E+04  0.000000E+00  0.000000E+00  3.200616E-02  4.377139E+00  0.000000E+00  1.998300E+04  0.000000E+00  5.927174E+07  1.445072E+04
  1.040000E-02  4.310181E+00  5.358303E+00 -9.139122E+01 -1.397529E-04 -1.389387E-04  9.320726E+00  6.943452E-01  5.933004E+00  0.000000E+00  8.181418E-03  4.743401E-05  3.803826E-08  3.027908E-05  1.756277E-08  1.578962E-08  0.000000E+00  6.999538E+00 -1.852599E+01  1.315232E+04  0.000000E+00  0.000000E+00  3.259695E-02  4.366313E+00  0.000000E+00  1.987200E+04  0.000000E+00  5.933004E+07  1.462053E+04
  1.050000E-02  4.316566E+00  5.366799E+00 -9.139122E+01 -1.464763E-04 -1.471742E-04  9.320727E+00  6.951593E-01  5.939093E+00  0.000000E+00  8.181418E-03  4.739597E-05  3.874111E-08  3.036977E-05  1.802130E-08  1.588111E-08  0.000000E+00  7.012052E+00 -1.856641E+01  1.313653E+04  0.000000E+00  0.000000E+00  3.302251E-02  4.360372E+00  0.000000E+00  1.989500E+04  0.000000E+00  5.939093E+07  1.478981E+04
  1.060000E-02  4.323083E+00  5.375407E+00 -9.139122E+01 -1.532889E-04 -1.550653E-04  9.320727E+00  6.931387E-01  5.945372E+00  0.000000E+00  8.181418E-03  4.735754E-05  3.922262E-08  3.046250E-05  1.837502E-08  1.596938E-08  0.000000E+00  7.023888E+00 -1.855660E+01  1.312140E+04  0.000000E+00  0.000000E+00  3.334048E-02  4.356622E+00  0.000000E+00  1.985700E+04  0.000000E+00  5.945372E+07  1.495966E+04
  1.070000E-02  4.329735E+00  5.384124E+00 -9.139122E+01 -1.599463E-04 -1.625678E-04  9.320727E+00  6.951972E-01  5.951691E+00  0.000000E+00  8.181418E-03  4.731872E-05  3.907683E-08  3.055686E-05  1.825732E-08  1.581395E-08  0.000000E+00  7.038612E+00 -1.845952E+01  1.311006E+04  0.000000E+00  0.000000E+00  3.315428E-02  4.358391E+00  0.000000E+00  1.981000E+04  0.000000E+00  5.951691E+07  1.512945E+04
